# BGR18 cross-section
#
# Generated using ENT v0.8.0.
#
# Reference:
#    https://arxiv.org/abs/1808.02034
#
#------------------------------------------------------------------------------------------------------------
#  energy                 neutrino xsec (m^2)                            anti-neutrino xsec (m^2)
#  (GeV)         charged-current        neutral-current           charged-current        neutral-current
#              proton      neutron     proton      neutron      proton      neutron     proton      neutron
#------------------------------------------------------------------------------------------------------------
1.00000E+02  3.42286E-41 7.01965E-41 1.56871E-41 1.76242E-41  3.01499E-41 1.58809E-41 9.41526E-42 9.41650E-42
1.07978E+02  3.73108E-41 7.60932E-41 1.70715E-41 1.91609E-41  3.28956E-41 1.74548E-41 1.02626E-41 1.02696E-41
1.16591E+02  4.06868E-41 8.24614E-41 1.85766E-41 2.08267E-41  3.58897E-41 1.91747E-41 1.11837E-41 1.11976E-41
1.25893E+02  4.43515E-41 8.93691E-41 2.02105E-41 2.26338E-41  3.91413E-41 2.10661E-41 1.21851E-41 1.22067E-41
1.35936E+02  4.83056E-41 9.68834E-41 2.19815E-41 2.45964E-41  4.26855E-41 2.31313E-41 1.32744E-41 1.33026E-41
1.46780E+02  5.25424E-41 1.05084E-40 2.38980E-41 2.67294E-41  4.65396E-41 2.53935E-41 1.44579E-41 1.44937E-41
1.58489E+02  5.71312E-41 1.13981E-40 2.59745E-41 2.90440E-41  5.07292E-41 2.78710E-41 1.57427E-41 1.57886E-41
1.71133E+02  6.21126E-41 1.23618E-40 2.82268E-41 3.15519E-41  5.52654E-41 3.06001E-41 1.71381E-41 1.71950E-41
1.84785E+02  6.75502E-41 1.34022E-40 3.06710E-41 3.42663E-41  6.02041E-41 3.35761E-41 1.86549E-41 1.87202E-41
1.99526E+02  7.35321E-41 1.45202E-40 3.33260E-41 3.72002E-41  6.55965E-41 3.68032E-41 2.03029E-41 2.03744E-41
2.15443E+02  8.00826E-41 1.57240E-40 3.62071E-41 4.03721E-41  7.14686E-41 4.03150E-41 2.20920E-41 2.21687E-41
2.32631E+02  8.71854E-41 1.70263E-40 3.93274E-41 4.38056E-41  7.78519E-41 4.41444E-41 2.40321E-41 2.41160E-41
2.51189E+02  9.49099E-41 1.84323E-40 4.27048E-41 4.75216E-41  8.47811E-41 4.83263E-41 2.61361E-41 2.62281E-41
2.71227E+02  1.03151E-40 1.99653E-40 4.63501E-41 5.15512E-41  9.23033E-41 5.28884E-41 2.84160E-41 2.85196E-41
2.92864E+02  1.12075E-40 2.16226E-40 5.02944E-41 5.59083E-41  1.00462E-40 5.78677E-41 3.08864E-41 3.10041E-41
3.16228E+02  1.21806E-40 2.34063E-40 5.45642E-41 6.06142E-41  1.09319E-40 6.32898E-41 3.35610E-41 3.36987E-41
3.41455E+02  1.32386E-40 2.53284E-40 5.91826E-41 6.56972E-41  1.18954E-40 6.91677E-41 3.64569E-41 3.66191E-41
3.68695E+02  1.43859E-40 2.74008E-40 6.41739E-41 7.11877E-41  1.29362E-40 7.56073E-41 3.95952E-41 3.97794E-41
3.98107E+02  1.56258E-40 2.96384E-40 6.95647E-41 7.71176E-41  1.40634E-40 8.26248E-41 4.29942E-41 4.31994E-41
4.29866E+02  1.69609E-40 3.20576E-40 7.53800E-41 8.35244E-41  1.52822E-40 9.02850E-41 4.66707E-41 4.69029E-41
4.64159E+02  1.83959E-40 3.46741E-40 8.16516E-41 9.04429E-41  1.65712E-40 9.89246E-41 5.06504E-41 5.09078E-41
5.01187E+02  1.99408E-40 3.74995E-40 8.84131E-41 9.79102E-41  1.79837E-40 1.08146E-40 5.49547E-41 5.52394E-41
5.41170E+02  2.16105E-40 4.05420E-40 9.57082E-41 1.05958E-40  1.94996E-40 1.18292E-40 5.96125E-41 5.99193E-41
5.84341E+02  2.34156E-40 4.38152E-40 1.03573E-40 1.14632E-40  2.11481E-40 1.29223E-40 6.46466E-41 6.49779E-41
6.30957E+02  2.53711E-40 4.73300E-40 1.12057E-40 1.23965E-40  2.29479E-40 1.40918E-40 7.00856E-41 7.04444E-41
6.81292E+02  2.74937E-40 5.10972E-40 1.21207E-40 1.34005E-40  2.49010E-40 1.53529E-40 7.59586E-41 7.63513E-41
7.35642E+02  2.97906E-40 5.51384E-40 1.31064E-40 1.44803E-40  2.70142E-40 1.67177E-40 8.22976E-41 8.27321E-41
7.94328E+02  3.22470E-40 5.94992E-40 1.41656E-40 1.56436E-40  2.92916E-40 1.82020E-40 8.91390E-41 8.96210E-41
8.57696E+02  3.48983E-40 6.41766E-40 1.53055E-40 1.68939E-40  3.17528E-40 1.98076E-40 9.65243E-41 9.70515E-41
9.26119E+02  3.77652E-40 6.91836E-40 1.65323E-40 1.82365E-40  3.44104E-40 2.15447E-40 1.04487E-40 1.05070E-40
1.00000E+03  4.08502E-40 7.45539E-40 1.78511E-40 1.96783E-40  3.72641E-40 2.34377E-40 1.13073E-40 1.13718E-40
1.07978E+03  4.41705E-40 8.03079E-40 1.92674E-40 2.12268E-40  4.03378E-40 2.54885E-40 1.22328E-40 1.23038E-40
1.16591E+03  4.77440E-40 8.64673E-40 2.07884E-40 2.28880E-40  4.36604E-40 2.76956E-40 1.32301E-40 1.33082E-40
1.25893E+03  5.15766E-40 9.30677E-40 2.24203E-40 2.46701E-40  4.72458E-40 3.00744E-40 1.43042E-40 1.43902E-40
1.35936E+03  5.56733E-40 1.00148E-39 2.41696E-40 2.65815E-40  5.10995E-40 3.26501E-40 1.54610E-40 1.55549E-40
1.46780E+03  6.00675E-40 1.07719E-39 2.60440E-40 2.86305E-40  5.52359E-40 3.54413E-40 1.67058E-40 1.68090E-40
1.58489E+03  6.47676E-40 1.15821E-39 2.80518E-40 3.08251E-40  5.96725E-40 3.84655E-40 1.80458E-40 1.81576E-40
1.71133E+03  6.98105E-40 1.24466E-39 3.02021E-40 3.31737E-40  6.44514E-40 4.17171E-40 1.94865E-40 1.96086E-40
1.84785E+03  7.52137E-40 1.33688E-39 3.25038E-40 3.56857E-40  6.95927E-40 4.52151E-40 2.10350E-40 2.11691E-40
1.99526E+03  8.10013E-40 1.43517E-39 3.49666E-40 3.83705E-40  7.51471E-40 4.89503E-40 2.26986E-40 2.28469E-40
2.15443E+03  8.72115E-40 1.53968E-39 3.76012E-40 4.12373E-40  8.11146E-40 5.29659E-40 2.44856E-40 2.46494E-40
2.32631E+03  9.38451E-40 1.65100E-39 4.04166E-40 4.42983E-40  8.75096E-40 5.72937E-40 2.64048E-40 2.65851E-40
2.51189E+03  1.00950E-39 1.76921E-39 4.34240E-40 4.75638E-40  9.43689E-40 6.19451E-40 2.84654E-40 2.86624E-40
2.71227E+03  1.08548E-39 1.89473E-39 4.66350E-40 5.10450E-40  1.01713E-39 6.69506E-40 3.06761E-40 3.08920E-40
2.92864E+03  1.16656E-39 2.02801E-39 5.00604E-40 5.47549E-40  1.09571E-39 7.23343E-40 3.30466E-40 3.32839E-40
3.16228E+03  1.25317E-39 2.16925E-39 5.37123E-40 5.87059E-40  1.17962E-39 7.81350E-40 3.55883E-40 3.58483E-40
3.41455E+03  1.34540E-39 2.31901E-39 5.76025E-40 6.29117E-40  1.26922E-39 8.43732E-40 3.83118E-40 3.85973E-40
3.68695E+03  1.44355E-39 2.47767E-39 6.17447E-40 6.73852E-40  1.36481E-39 9.10835E-40 4.12291E-40 4.15423E-40
3.98107E+03  1.54800E-39 2.64551E-39 6.61512E-40 7.21412E-40  1.46690E-39 9.82768E-40 4.43527E-40 4.46962E-40
4.29866E+03  1.65891E-39 2.82308E-39 7.08356E-40 7.71947E-40  1.57605E-39 1.05968E-39 4.76953E-40 4.80728E-40
4.64159E+03  1.77679E-39 3.01055E-39 7.58126E-40 8.25598E-40  1.69248E-39 1.14204E-39 5.12721E-40 5.16850E-40
5.01187E+03  1.90172E-39 3.20853E-39 8.10975E-40 8.82514E-40  1.81701E-39 1.22976E-39 5.50954E-40 5.55499E-40
5.41170E+03  2.03436E-39 3.41707E-39 8.67060E-40 9.42847E-40  1.94980E-39 1.32346E-39 5.91809E-40 5.96830E-40
5.84341E+03  2.17496E-39 3.63661E-39 9.26544E-40 1.00675E-39  2.09132E-39 1.42347E-39 6.35466E-40 6.40989E-40
6.30957E+03  2.32407E-39 3.86730E-39 9.89600E-40 1.07437E-39  2.24183E-39 1.53035E-39 6.82100E-40 6.88145E-40
6.81292E+03  2.48194E-39 4.10956E-39 1.05638E-39 1.14588E-39  2.40170E-39 1.64459E-39 7.31877E-40 7.38494E-40
7.35642E+03  2.64875E-39 4.36389E-39 1.12705E-39 1.22146E-39  2.57139E-39 1.76665E-39 7.84982E-40 7.92231E-40
7.94328E+03  2.82513E-39 4.63031E-39 1.20180E-39 1.30127E-39  2.75126E-39 1.89704E-39 8.41613E-40 8.49556E-40
8.57696E+03  3.01126E-39 4.90928E-39 1.28078E-39 1.38548E-39  2.94209E-39 2.03598E-39 9.01978E-40 9.10679E-40
9.26119E+03  3.20742E-39 5.20111E-39 1.36419E-39 1.47427E-39  3.14423E-39 2.18406E-39 9.66293E-40 9.75822E-40
1.00000E+04  3.41411E-39 5.50589E-39 1.45218E-39 1.56782E-39  3.35848E-39 2.34152E-39 1.03479E-39 1.04521E-39
1.07978E+04  3.63176E-39 5.82457E-39 1.54511E-39 1.66649E-39  3.58590E-39 2.50902E-39 1.10790E-39 1.11930E-39
1.16591E+04  3.86137E-39 6.15761E-39 1.64333E-39 1.77062E-39  3.82711E-39 2.68766E-39 1.18605E-39 1.19850E-39
1.25893E+04  4.10291E-39 6.50564E-39 1.74698E-39 1.88037E-39  4.08281E-39 2.87765E-39 1.26940E-39 1.28299E-39
1.35936E+04  4.35689E-39 6.86869E-39 1.85619E-39 1.99586E-39  4.35330E-39 3.07960E-39 1.35811E-39 1.37293E-39
1.46780E+04  4.62356E-39 7.24698E-39 1.97110E-39 2.11719E-39  4.63909E-39 3.29379E-39 1.45229E-39 1.46848E-39
1.58489E+04  4.90358E-39 7.64025E-39 2.09178E-39 2.24443E-39  4.94047E-39 3.52063E-39 1.55204E-39 1.56970E-39
1.71133E+04  5.19681E-39 8.04893E-39 2.21834E-39 2.37762E-39  5.25757E-39 3.76059E-39 1.65743E-39 1.67662E-39
1.84785E+04  5.50369E-39 8.47276E-39 2.35079E-39 2.51679E-39  5.59056E-39 4.01396E-39 1.76845E-39 1.78924E-39
1.99526E+04  5.82458E-39 8.91149E-39 2.48914E-39 2.66192E-39  5.93942E-39 4.28107E-39 1.88503E-39 1.90753E-39
2.15443E+04  6.15975E-39 9.36617E-39 2.63380E-39 2.81342E-39  6.30543E-39 4.56308E-39 2.00758E-39 2.03192E-39
2.32631E+04  6.51065E-39 9.83758E-39 2.78545E-39 2.97195E-39  6.69063E-39 4.86144E-39 2.13685E-39 2.16317E-39
2.51189E+04  6.87753E-39 1.03266E-38 2.94429E-39 3.13777E-39  7.09557E-39 5.17696E-39 2.27316E-39 2.30157E-39
2.71227E+04  7.26134E-39 1.08334E-38 3.11059E-39 3.31110E-39  7.52121E-39 5.51007E-39 2.41680E-39 2.44742E-39
2.92864E+04  7.66236E-39 1.13590E-38 3.28458E-39 3.49216E-39  7.96794E-39 5.86171E-39 2.56811E-39 2.60105E-39
3.16228E+04  8.08174E-39 1.19036E-38 3.46652E-39 3.68120E-39  8.43654E-39 6.23243E-39 2.72739E-39 2.76280E-39
3.41455E+04  8.51975E-39 1.24683E-38 3.65664E-39 3.87846E-39  8.92752E-39 6.62304E-39 2.89498E-39 2.93299E-39
3.68695E+04  8.97757E-39 1.30534E-38 3.85521E-39 4.08417E-39  9.44169E-39 7.03399E-39 3.07127E-39 3.11196E-39
3.98107E+04  9.45571E-39 1.36601E-38 4.06245E-39 4.29856E-39  9.97941E-39 7.46615E-39 3.25656E-39 3.30011E-39
4.29866E+04  9.95518E-39 1.42889E-38 4.27864E-39 4.52187E-39  1.05412E-38 7.92018E-39 3.45124E-39 3.49781E-39
4.64159E+04  1.04769E-38 1.49407E-38 4.50401E-39 4.75435E-39  1.11276E-38 8.39654E-39 3.65571E-39 3.70542E-39
5.01187E+04  1.10220E-38 1.56165E-38 4.73881E-39 4.99620E-39  1.17390E-38 8.89606E-39 3.87036E-39 3.92332E-39
5.41170E+04  1.15904E-38 1.63161E-38 4.98280E-39 5.24716E-39  1.23758E-38 9.41926E-39 4.09533E-39 4.15166E-39
5.84341E+04  1.21821E-38 1.70389E-38 5.23588E-39 5.50709E-39  1.30384E-38 9.96707E-39 4.33074E-39 4.39058E-39
6.30957E+04  1.27977E-38 1.77852E-38 5.49844E-39 5.77638E-39  1.37277E-38 1.05399E-38 4.57699E-39 4.64049E-39
6.81292E+04  1.34378E-38 1.85555E-38 5.77095E-39 6.05550E-39  1.44440E-38 1.11387E-38 4.83448E-39 4.90177E-39
7.35642E+04  1.41028E-38 1.93502E-38 6.05389E-39 6.34494E-39  1.51881E-38 1.17642E-38 5.10363E-39 5.17485E-39
7.94328E+04  1.47933E-38 2.01694E-38 6.34782E-39 6.64527E-39  1.59605E-38 1.24171E-38 5.38489E-39 5.46015E-39
8.57696E+04  1.55098E-38 2.10135E-38 6.65335E-39 6.95709E-39  1.67618E-38 1.30979E-38 5.67871E-39 5.75813E-39
9.26119E+04  1.62527E-38 2.18827E-38 6.97116E-39 7.28109E-39  1.75925E-38 1.38076E-38 5.98558E-39 6.06925E-39
1.00000E+05  1.70223E-38 2.27777E-38 7.30198E-39 7.61802E-39  1.84533E-38 1.45467E-38 6.30596E-39 6.39404E-39
1.07978E+05  1.78184E-38 2.36968E-38 7.64579E-39 7.96782E-39  1.93439E-38 1.53156E-38 6.64056E-39 6.73311E-39
1.16591E+05  1.86407E-38 2.46399E-38 8.00232E-39 8.33020E-39  2.02647E-38 1.61145E-38 6.98985E-39 7.08704E-39
1.25893E+05  1.94906E-38 2.56084E-38 8.37209E-39 8.70567E-39  2.12167E-38 1.69448E-38 7.35417E-39 7.45611E-39
1.35936E+05  2.03696E-38 2.66040E-38 8.75566E-39 9.09480E-39  2.22012E-38 1.78078E-38 7.73383E-39 7.84059E-39
1.46780E+05  2.12793E-38 2.76287E-38 9.15361E-39 9.49818E-39  2.32195E-38 1.87049E-38 8.12903E-39 8.24075E-39
1.58489E+05  2.22216E-38 2.86846E-38 9.56658E-39 9.91645E-39  2.42732E-38 1.96375E-38 8.54004E-39 8.65677E-39
1.71133E+05  2.31986E-38 2.97739E-38 9.99527E-39 1.03503E-38  2.53639E-38 2.06074E-38 8.96703E-39 9.08883E-39
1.84785E+05  2.42125E-38 3.08995E-38 1.04404E-38 1.08005E-38  2.64936E-38 2.16161E-38 9.41011E-39 9.53707E-39
1.99526E+05  2.52661E-38 3.20641E-38 1.09028E-38 1.12679E-38  2.76642E-38 2.26658E-38 9.86937E-39 1.00016E-38
2.15443E+05  2.63602E-38 3.32685E-38 1.13834E-38 1.17532E-38  2.88774E-38 2.37587E-38 1.03453E-38 1.04828E-38
2.32631E+05  2.74946E-38 3.45121E-38 1.18826E-38 1.22572E-38  3.01347E-38 2.48956E-38 1.08387E-38 1.09815E-38
2.51189E+05  2.86706E-38 3.57958E-38 1.24011E-38 1.27803E-38  3.14371E-38 2.60779E-38 1.13504E-38 1.14986E-38
2.71227E+05  2.98892E-38 3.71210E-38 1.29393E-38 1.33230E-38  3.27858E-38 2.73067E-38 1.18810E-38 1.20347E-38
2.92864E+05  3.11516E-38 3.84890E-38 1.34978E-38 1.38859E-38  3.41816E-38 2.85833E-38 1.24315E-38 1.25906E-38
3.16228E+05  3.24594E-38 3.99009E-38 1.40770E-38 1.44694E-38  3.56256E-38 2.99088E-38 1.30027E-38 1.31673E-38
3.41455E+05  3.38138E-38 4.13580E-38 1.46774E-38 1.50740E-38  3.71186E-38 3.12844E-38 1.35954E-38 1.37657E-38
3.68695E+05  3.52161E-38 4.28617E-38 1.52996E-38 1.57003E-38  3.86619E-38 3.27112E-38 1.42109E-38 1.43868E-38
3.98107E+05  3.66676E-38 4.44135E-38 1.59440E-38 1.63486E-38  4.02563E-38 3.41902E-38 1.48502E-38 1.50317E-38
4.29866E+05  3.81700E-38 4.60146E-38 1.66110E-38 1.70194E-38  4.19025E-38 3.57228E-38 1.55144E-38 1.57017E-38
4.64159E+05  3.97246E-38 4.76666E-38 1.73010E-38 1.77131E-38  4.36018E-38 3.73096E-38 1.62050E-38 1.63980E-38
5.01187E+05  4.13332E-38 4.93708E-38 1.80146E-38 1.84303E-38  4.53545E-38 3.89521E-38 1.69232E-38 1.71222E-38
5.41170E+05  4.29951E-38 5.11270E-38 1.87511E-38 1.91702E-38  4.71592E-38 4.06482E-38 1.76695E-38 1.78743E-38
5.84341E+05  4.47108E-38 5.29349E-38 1.95104E-38 1.99328E-38  4.90148E-38 4.23980E-38 1.84434E-38 1.86542E-38
6.30957E+05  4.64822E-38 5.47960E-38 2.02938E-38 2.07192E-38  5.09233E-38 4.42034E-38 1.92455E-38 1.94622E-38
6.81292E+05  4.83109E-38 5.67129E-38 2.11024E-38 2.15308E-38  5.28873E-38 4.60671E-38 2.00762E-38 2.02990E-38
7.35642E+05  5.01989E-38 5.86875E-38 2.19377E-38 2.23690E-38  5.49096E-38 4.79913E-38 2.09361E-38 2.11648E-38
7.94328E+05  5.21485E-38 6.07221E-38 2.28012E-38 2.32353E-38  5.69935E-38 4.99785E-38 2.18254E-38 2.20602E-38
8.57696E+05  5.41622E-38 6.28187E-38 2.36947E-38 2.41315E-38  5.91419E-38 5.20322E-38 2.27446E-38 2.29854E-38
9.26119E+05  5.62419E-38 6.49804E-38 2.46199E-38 2.50595E-38  6.13582E-38 5.41561E-38 2.36939E-38 2.39407E-38
1.00000E+06  5.83907E-38 6.72093E-38 2.55789E-38 2.60211E-38  6.36465E-38 5.63535E-38 2.46736E-38 2.49264E-38
1.07978E+06  6.06091E-38 6.95064E-38 2.65724E-38 2.70173E-38  6.60064E-38 5.86243E-38 2.56837E-38 2.59425E-38
1.16591E+06  6.28974E-38 7.18721E-38 2.76002E-38 2.80478E-38  6.84361E-38 6.09672E-38 2.67249E-38 2.69897E-38
1.25893E+06  6.52579E-38 7.43085E-38 2.86633E-38 2.91135E-38  7.09376E-38 6.33851E-38 2.77985E-38 2.80692E-38
1.35936E+06  6.76933E-38 7.68174E-38 2.97623E-38 3.02151E-38  7.35141E-38 6.58794E-38 2.89059E-38 2.91824E-38
1.46780E+06  7.02053E-38 7.94019E-38 3.08983E-38 3.13536E-38  7.61675E-38 6.84536E-38 3.00485E-38 3.03309E-38
1.58489E+06  7.27967E-38 8.20643E-38 3.20719E-38 3.25298E-38  7.89014E-38 7.11095E-38 3.12280E-38 3.15163E-38
1.71133E+06  7.54698E-38 8.48074E-38 3.32840E-38 3.37444E-38  8.17182E-38 7.38506E-38 3.24461E-38 3.27403E-38
1.84785E+06  7.82279E-38 8.76335E-38 3.45353E-38 3.49982E-38  8.46211E-38 7.66801E-38 3.37047E-38 3.40048E-38
1.99526E+06  8.10734E-38 9.05459E-38 3.58267E-38 3.62921E-38  8.76133E-38 7.96011E-38 3.50060E-38 3.53120E-38
2.15443E+06  8.40095E-38 9.35482E-38 3.71598E-38 3.76277E-38  9.06988E-38 8.26173E-38 3.63510E-38 3.66630E-38
2.32631E+06  8.70395E-38 9.66432E-38 3.85367E-38 3.90070E-38  9.38810E-38 8.57316E-38 3.77403E-38 3.80581E-38
2.51189E+06  9.01660E-38 9.98332E-38 3.99586E-38 4.04314E-38  9.71620E-38 8.89465E-38 3.91750E-38 3.94987E-38
2.71227E+06  9.33907E-38 1.03121E-37 4.14269E-38 4.19022E-38  1.00544E-37 9.22641E-38 4.06566E-38 4.09863E-38
2.92864E+06  9.67166E-38 1.06509E-37 4.29429E-38 4.34207E-38  1.04029E-37 9.56865E-38 4.21863E-38 4.25220E-38
3.16228E+06  1.00146E-37 1.09999E-37 4.45080E-38 4.49883E-38  1.07619E-37 9.92166E-38 4.37658E-38 4.41074E-38
3.41455E+06  1.03681E-37 1.13594E-37 4.61235E-38 4.66064E-38  1.11317E-37 1.02856E-37 4.53963E-38 4.57440E-38
3.68695E+06  1.07325E-37 1.17296E-37 4.77911E-38 4.82766E-38  1.15124E-37 1.06607E-37 4.70796E-38 4.74331E-38
3.98107E+06  1.11079E-37 1.21107E-37 4.95120E-38 5.00002E-38  1.19044E-37 1.10472E-37 4.88171E-38 4.91765E-38
4.29866E+06  1.14947E-37 1.25031E-37 5.12880E-38 5.17788E-38  1.23077E-37 1.14454E-37 5.06103E-38 5.09758E-38
4.64159E+06  1.18931E-37 1.29070E-37 5.31205E-38 5.36140E-38  1.27227E-37 1.18552E-37 5.24611E-38 5.28327E-38
5.01187E+06  1.23033E-37 1.33226E-37 5.50112E-38 5.55075E-38  1.31495E-37 1.22771E-37 5.43713E-38 5.47487E-38
5.41170E+06  1.27252E-37 1.37497E-37 5.69607E-38 5.74598E-38  1.35876E-37 1.27108E-37 5.63396E-38 5.67234E-38
5.84341E+06  1.31588E-37 1.41884E-37 5.89696E-38 5.94716E-38  1.40371E-37 1.31560E-37 5.83661E-38 5.87559E-38
6.30957E+06  1.36047E-37 1.46391E-37 6.10396E-38 6.15445E-38  1.44984E-37 1.36133E-37 6.04529E-38 6.08486E-38
6.81292E+06  1.40633E-37 1.51025E-37 6.31723E-38 6.36802E-38  1.49722E-37 1.40833E-37 6.26023E-38 6.30039E-38
7.35642E+06  1.45352E-37 1.55790E-37 6.53694E-38 6.58804E-38  1.54592E-37 1.45666E-37 6.48169E-38 6.52245E-38
7.94328E+06  1.50211E-37 1.60694E-37 6.76328E-38 6.81468E-38  1.59599E-37 1.50639E-37 6.70993E-38 6.75130E-38
8.57696E+06  1.55215E-37 1.65744E-37 6.99641E-38 7.04812E-38  1.64752E-37 1.55759E-37 6.94525E-38 6.98723E-38
9.26119E+06  1.60373E-37 1.70946E-37 7.23653E-38 7.28856E-38  1.70059E-37 1.61034E-37 7.18796E-38 7.23055E-38
1.00000E+07  1.65691E-37 1.76309E-37 7.48382E-38 7.53618E-38  1.75528E-37 1.66472E-37 7.43839E-38 7.48161E-38
1.07978E+07  1.71176E-37 1.81837E-37 7.73829E-38 7.79098E-38  1.81164E-37 1.72079E-37 7.69703E-38 7.74087E-38
1.16591E+07  1.76828E-37 1.87533E-37 8.00000E-38 8.05302E-38  1.86967E-37 1.77852E-37 7.96413E-38 8.00860E-38
1.25893E+07  1.82650E-37 1.93399E-37 8.26923E-38 8.32259E-38  1.92938E-37 1.83797E-37 8.23968E-38 8.28477E-38
1.35936E+07  1.88646E-37 1.99437E-37 8.54630E-38 8.60001E-38  1.99081E-37 1.89913E-37 8.52362E-38 8.56935E-38
1.46780E+07  1.94816E-37 2.05650E-37 8.83156E-38 8.88563E-38  2.05397E-37 1.96203E-37 8.81589E-38 8.86226E-38
1.58489E+07  2.01164E-37 2.12039E-37 9.12537E-38 9.17980E-38  2.11888E-37 2.02670E-37 9.11638E-38 9.16337E-38
1.71133E+07  2.07691E-37 2.18606E-37 9.42812E-38 9.48292E-38  2.18554E-37 2.09315E-37 9.42492E-38 9.47256E-38
1.84785E+07  2.14399E-37 2.25352E-37 9.74021E-38 9.79540E-38  2.25398E-37 2.16138E-37 9.74135E-38 9.78961E-38
1.99526E+07  2.21288E-37 2.32279E-37 1.00621E-37 1.01177E-37  2.32419E-37 2.23141E-37 1.00654E-37 1.01143E-37
2.15443E+07  2.28366E-37 2.39395E-37 1.03943E-37 1.04503E-37  2.39622E-37 2.30328E-37 1.03969E-37 1.04464E-37
2.32631E+07  2.35645E-37 2.46709E-37 1.07372E-37 1.07937E-37  2.47013E-37 2.37702E-37 1.07360E-37 1.07861E-37
2.51189E+07  2.43127E-37 2.54227E-37 1.10910E-37 1.11479E-37  2.54599E-37 2.45273E-37 1.10832E-37 1.11339E-37
2.71227E+07  2.50820E-37 2.61954E-37 1.14558E-37 1.15131E-37  2.62386E-37 2.53047E-37 1.14391E-37 1.14904E-37
2.92864E+07  2.58728E-37 2.69896E-37 1.18318E-37 1.18895E-37  2.70383E-37 2.61032E-37 1.18043E-37 1.18562E-37
3.16228E+07  2.66858E-37 2.78059E-37 1.22190E-37 1.22772E-37  2.78597E-37 2.69237E-37 1.21794E-37 1.22320E-37
3.41455E+07  2.75214E-37 2.86448E-37 1.26176E-37 1.26763E-37  2.87040E-37 2.77669E-37 1.25653E-37 1.26185E-37
3.68695E+07  2.83802E-37 2.95069E-37 1.30277E-37 1.30869E-37  2.95719E-37 2.86339E-37 1.29627E-37 1.30165E-37
3.98107E+07  2.92630E-37 3.03927E-37 1.34493E-37 1.35090E-37  3.04645E-37 2.95255E-37 1.33725E-37 1.34269E-37
4.29866E+07  3.01702E-37 3.13030E-37 1.38825E-37 1.39427E-37  3.13828E-37 3.04430E-37 1.37956E-37 1.38506E-37
4.64159E+07  3.11025E-37 3.22384E-37 1.43273E-37 1.43880E-37  3.23280E-37 3.13873E-37 1.42331E-37 1.42887E-37
5.01187E+07  3.20606E-37 3.31995E-37 1.47837E-37 1.48449E-37  3.33012E-37 3.23598E-37 1.46861E-37 1.47424E-37
5.41170E+07  3.30443E-37 3.41861E-37 1.52516E-37 1.53133E-37  3.43031E-37 3.33609E-37 1.51555E-37 1.52126E-37
5.84341E+07  3.40537E-37 3.51983E-37 1.57313E-37 1.57936E-37  3.53337E-37 3.43907E-37 1.56414E-37 1.56992E-37
6.30957E+07  3.50896E-37 3.62370E-37 1.62233E-37 1.62861E-37  3.63933E-37 3.54495E-37 1.61435E-37 1.62019E-37
6.81292E+07  3.61530E-37 3.73031E-37 1.67282E-37 1.67915E-37  3.74823E-37 3.65377E-37 1.66614E-37 1.67205E-37
7.35642E+07  3.72448E-37 3.83976E-37 1.72465E-37 1.73104E-37  3.86007E-37 3.76556E-37 1.71946E-37 1.72545E-37
7.94328E+07  3.83662E-37 3.95216E-37 1.77789E-37 1.78433E-37  3.97489E-37 3.88033E-37 1.77427E-37 1.78034E-37
8.57696E+07  3.95182E-37 4.06761E-37 1.83259E-37 1.83908E-37  4.09271E-37 3.99809E-37 1.83049E-37 1.83663E-37
9.26119E+07  4.07019E-37 4.18623E-37 1.88883E-37 1.89539E-37  4.21351E-37 4.11888E-37 1.88805E-37 1.89426E-37
1.00000E+08  4.19185E-37 4.30815E-37 1.94670E-37 1.95330E-37  4.33733E-37 4.24267E-37 1.94686E-37 1.95314E-37
1.07978E+08  4.31691E-37 4.43347E-37 2.00619E-37 2.01286E-37  4.46421E-37 4.36952E-37 2.00692E-37 2.01328E-37
1.16591E+08  4.44542E-37 4.56223E-37 2.06731E-37 2.07404E-37  4.59426E-37 4.49956E-37 2.06837E-37 2.07479E-37
1.25893E+08  4.57743E-37 4.69450E-37 2.13009E-37 2.13688E-37  4.72757E-37 4.63289E-37 2.13127E-37 2.13777E-37
1.35936E+08  4.71300E-37 4.83033E-37 2.19458E-37 2.20143E-37  4.86426E-37 4.76958E-37 2.19570E-37 2.20228E-37
1.46780E+08  4.85217E-37 4.96976E-37 2.26082E-37 2.26773E-37  5.00443E-37 4.90978E-37 2.26176E-37 2.26841E-37
1.58489E+08  4.99501E-37 5.11284E-37 2.32884E-37 2.33582E-37  5.14819E-37 5.05359E-37 2.32954E-37 2.33626E-37
1.71133E+08  5.14155E-37 5.25962E-37 2.39870E-37 2.40574E-37  5.29569E-37 5.20112E-37 2.39913E-37 2.40592E-37
1.84785E+08  5.29183E-37 5.41015E-37 2.47044E-37 2.47755E-37  5.44704E-37 5.35251E-37 2.47066E-37 2.47752E-37
1.99526E+08  5.44590E-37 5.56445E-37 2.54411E-37 2.55128E-37  5.60239E-37 5.50788E-37 2.54422E-37 2.55116E-37
2.15443E+08  5.60391E-37 5.72269E-37 2.61978E-37 2.62702E-37  5.76179E-37 5.66733E-37 2.61989E-37 2.62691E-37
2.32631E+08  5.76606E-37 5.88508E-37 2.69756E-37 2.70486E-37  5.92531E-37 5.83090E-37 2.69766E-37 2.70476E-37
2.51189E+08  5.93245E-37 6.05170E-37 2.77747E-37 2.78485E-37  6.09304E-37 5.99871E-37 2.77757E-37 2.78475E-37
2.71227E+08  6.10316E-37 6.22264E-37 2.85956E-37 2.86701E-37  6.26513E-37 6.17086E-37 2.85966E-37 2.86691E-37
2.92864E+08  6.27829E-37 6.39801E-37 2.94387E-37 2.95139E-37  6.44166E-37 6.34749E-37 2.94397E-37 2.95130E-37
3.16228E+08  6.45792E-37 6.57788E-37 3.03043E-37 3.03802E-37  6.62280E-37 6.52869E-37 3.03052E-37 3.03793E-37
3.41455E+08  6.64216E-37 6.76236E-37 3.11928E-37 3.12695E-37  6.80864E-37 6.71462E-37 3.11937E-37 3.12686E-37
3.68695E+08  6.83110E-37 6.95155E-37 3.21046E-37 3.21820E-37  6.99932E-37 6.90541E-37 3.21055E-37 3.21812E-37
3.98107E+08  7.02485E-37 7.14552E-37 3.30400E-37 3.31182E-37  7.19500E-37 7.10117E-37 3.30408E-37 3.31174E-37
4.29866E+08  7.22348E-37 7.34440E-37 3.39994E-37 3.40783E-37  7.39581E-37 7.30207E-37 3.40001E-37 3.40776E-37
4.64159E+08  7.42711E-37 7.54826E-37 3.49830E-37 3.50628E-37  7.60188E-37 7.50825E-37 3.49838E-37 3.50620E-37
5.01187E+08  7.63584E-37 7.75723E-37 3.59913E-37 3.60718E-37  7.81339E-37 7.71985E-37 3.59920E-37 3.60711E-37
5.41170E+08  7.84953E-37 7.97117E-37 3.70236E-37 3.71049E-37  8.03052E-37 7.93711E-37 3.70244E-37 3.71042E-37
5.84341E+08  8.06820E-37 8.19007E-37 3.80801E-37 3.81623E-37  8.25344E-37 8.16010E-37 3.80809E-37 3.81616E-37
6.30957E+08  8.29205E-37 8.41415E-37 3.91620E-37 3.92449E-37  8.48213E-37 8.38890E-37 3.91627E-37 3.92442E-37
6.81292E+08  8.52131E-37 8.64364E-37 4.02702E-37 4.03540E-37  8.71662E-37 8.62352E-37 4.02709E-37 4.03533E-37
7.35642E+08  8.75623E-37 8.87880E-37 4.14062E-37 4.14908E-37  8.95691E-37 8.86399E-37 4.14069E-37 4.14902E-37
7.94328E+08  8.99709E-37 9.11990E-37 4.25713E-37 4.26568E-37  9.20305E-37 9.11025E-37 4.25719E-37 4.26562E-37
8.57696E+08  9.24417E-37 9.36723E-37 4.37669E-37 4.38532E-37  9.45496E-37 9.36236E-37 4.37674E-37 4.38527E-37
9.26119E+08  9.49777E-37 9.62108E-37 4.49946E-37 4.50818E-37  9.71269E-37 9.62022E-37 4.49951E-37 4.50812E-37
1.00000E+09  9.75821E-37 9.88179E-37 4.62559E-37 4.63441E-37  9.97613E-37 9.88387E-37 4.62565E-37 4.63435E-37
1.07978E+09  1.00259E-36 1.01497E-36 4.75521E-37 4.76411E-37  1.02452E-36 1.01531E-36 4.75526E-37 4.76406E-37
1.16591E+09  1.03009E-36 1.04250E-36 4.88831E-37 4.89730E-37  1.05200E-36 1.04282E-36 4.88835E-37 4.89726E-37
1.25893E+09  1.05832E-36 1.07076E-36 5.02493E-37 5.03402E-37  1.08009E-36 1.07093E-36 5.02497E-37 5.03398E-37
1.35936E+09  1.08728E-36 1.09975E-36 5.16511E-37 5.17430E-37  1.10882E-36 1.09968E-36 5.16515E-37 5.17425E-37
1.46780E+09  1.11696E-36 1.12947E-36 5.30887E-37 5.31816E-37  1.13822E-36 1.12911E-36 5.30891E-37 5.31812E-37
1.58489E+09  1.14735E-36 1.15989E-36 5.45624E-37 5.46563E-37  1.16835E-36 1.15926E-36 5.45629E-37 5.46559E-37
1.71133E+09  1.17844E-36 1.19101E-36 5.60724E-37 5.61674E-37  1.19924E-36 1.19017E-36 5.60729E-37 5.61670E-37
1.84785E+09  1.21022E-36 1.22282E-36 5.76189E-37 5.77149E-37  1.23093E-36 1.22189E-36 5.76193E-37 5.77145E-37
1.99526E+09  1.24267E-36 1.25531E-36 5.92020E-37 5.92990E-37  1.26348E-36 1.25448E-36 5.92023E-37 5.92987E-37
2.15443E+09  1.27579E-36 1.28846E-36 6.08229E-37 6.09211E-37  1.29691E-36 1.28793E-36 6.08233E-37 6.09208E-37
2.32631E+09  1.30962E-36 1.32233E-36 6.24840E-37 6.25832E-37  1.33119E-36 1.32224E-36 6.24843E-37 6.25829E-37
2.51189E+09  1.34420E-36 1.35694E-36 6.41861E-37 6.42864E-37  1.36634E-36 1.35743E-36 6.41864E-37 6.42861E-37
2.71227E+09  1.37955E-36 1.39232E-36 6.59301E-37 6.60315E-37  1.40240E-36 1.39352E-36 6.59303E-37 6.60313E-37
2.92864E+09  1.41571E-36 1.42851E-36 6.77169E-37 6.78196E-37  1.43937E-36 1.43052E-36 6.77172E-37 6.78193E-37
3.16228E+09  1.45271E-36 1.46554E-36 6.95477E-37 6.96515E-37  1.47728E-36 1.46846E-36 6.95480E-37 6.96512E-37
3.41455E+09  1.49059E-36 1.50346E-36 7.14233E-37 7.15283E-37  1.51615E-36 1.50736E-36 7.14236E-37 7.15280E-37
3.68695E+09  1.52940E-36 1.54230E-36 7.33447E-37 7.34510E-37  1.55601E-36 1.54725E-36 7.33450E-37 7.34507E-37
3.98107E+09  1.56918E-36 1.58212E-36 7.53131E-37 7.54206E-37  1.59686E-36 1.58814E-36 7.53133E-37 7.54204E-37
4.29866E+09  1.60997E-36 1.62295E-36 7.73294E-37 7.74382E-37  1.63875E-36 1.63006E-36 7.73297E-37 7.74380E-37
4.64159E+09  1.65183E-36 1.66485E-36 7.93949E-37 7.95049E-37  1.68168E-36 1.67302E-36 7.93951E-37 7.95046E-37
5.01187E+09  1.69482E-36 1.70788E-36 8.15105E-37 8.16218E-37  1.72569E-36 1.71706E-36 8.15107E-37 8.16216E-37
5.41170E+09  1.73890E-36 1.75201E-36 8.36745E-37 8.37872E-37  1.77083E-36 1.76224E-36 8.36747E-37 8.37870E-37
5.84341E+09  1.78407E-36 1.79722E-36 8.58863E-37 8.60004E-37  1.81714E-36 1.80860E-36 8.58865E-37 8.60002E-37
6.30957E+09  1.83035E-36 1.84354E-36 8.81484E-37 8.82638E-37  1.86463E-36 1.85613E-36 8.81485E-37 8.82637E-37
6.81292E+09  1.87777E-36 1.89101E-36 9.04634E-37 9.05802E-37  1.91330E-36 1.90484E-36 9.04635E-37 9.05801E-37
7.35642E+09  1.92637E-36 1.93966E-36 9.28340E-37 9.29523E-37  1.96314E-36 1.95472E-36 9.28342E-37 9.29522E-37
7.94328E+09  1.97618E-36 1.98952E-36 9.52635E-37 9.53832E-37  2.01415E-36 2.00578E-36 9.52636E-37 9.53831E-37
8.57696E+09  2.02723E-36 2.04063E-36 9.77549E-37 9.78762E-37  2.06633E-36 2.05800E-36 9.77551E-37 9.78759E-37
9.26119E+09  2.07958E-36 2.09303E-36 1.00312E-36 1.00435E-36  2.11965E-36 2.11137E-36 1.00312E-36 1.00434E-36
1.00000E+10  2.13325E-36 2.14675E-36 1.02938E-36 1.03062E-36  2.17411E-36 2.16589E-36 1.02938E-36 1.03062E-36
1.07978E+10  2.18834E-36 2.20191E-36 1.05637E-36 1.05763E-36  2.22974E-36 2.22157E-36 1.05637E-36 1.05763E-36
1.16591E+10  2.24495E-36 2.25858E-36 1.08411E-36 1.08539E-36  2.28660E-36 2.27847E-36 1.08412E-36 1.08539E-36
1.25893E+10  2.30303E-36 2.31672E-36 1.11260E-36 1.11389E-36  2.34472E-36 2.33664E-36 1.11260E-36 1.11389E-36
1.35936E+10  2.36257E-36 2.37633E-36 1.14181E-36 1.14312E-36  2.40413E-36 2.39610E-36 1.14181E-36 1.14312E-36
1.46780E+10  2.42354E-36 2.43737E-36 1.17174E-36 1.17306E-36  2.46486E-36 2.45690E-36 1.17174E-36 1.17306E-36
1.58489E+10  2.48590E-36 2.49980E-36 1.20237E-36 1.20371E-36  2.52695E-36 2.51905E-36 1.20237E-36 1.20371E-36
1.71133E+10  2.54961E-36 2.56358E-36 1.23368E-36 1.23505E-36  2.59044E-36 2.58260E-36 1.23368E-36 1.23505E-36
1.84785E+10  2.61462E-36 2.62866E-36 1.26566E-36 1.26705E-36  2.65537E-36 2.64760E-36 1.26566E-36 1.26705E-36
1.99526E+10  2.68088E-36 2.69498E-36 1.29828E-36 1.29968E-36  2.72178E-36 2.71407E-36 1.29828E-36 1.29968E-36
2.15443E+10  2.74841E-36 2.76259E-36 1.33156E-36 1.33298E-36  2.78968E-36 2.78204E-36 1.33156E-36 1.33298E-36
2.32631E+10  2.81733E-36 2.83158E-36 1.36556E-36 1.36701E-36  2.85910E-36 2.85153E-36 1.36557E-36 1.36701E-36
2.51189E+10  2.88769E-36 2.90201E-36 1.40031E-36 1.40178E-36  2.93007E-36 2.92257E-36 1.40031E-36 1.40178E-36
2.71227E+10  2.95953E-36 2.97393E-36 1.43583E-36 1.43731E-36  3.00264E-36 2.99521E-36 1.43583E-36 1.43731E-36
2.92864E+10  3.03292E-36 3.04739E-36 1.47213E-36 1.47364E-36  3.07685E-36 3.06949E-36 1.47213E-36 1.47364E-36
3.16228E+10  3.10791E-36 3.12247E-36 1.50924E-36 1.51077E-36  3.15273E-36 3.14546E-36 1.50925E-36 1.51077E-36
3.41455E+10  3.18457E-36 3.19919E-36 1.54720E-36 1.54875E-36  3.23035E-36 3.22315E-36 1.54720E-36 1.54875E-36
3.68695E+10  3.26295E-36 3.27765E-36 1.58602E-36 1.58759E-36  3.30975E-36 3.30262E-36 1.58602E-36 1.58759E-36
3.98107E+10  3.34312E-36 3.35791E-36 1.62572E-36 1.62732E-36  3.39096E-36 3.38393E-36 1.62573E-36 1.62732E-36
4.29866E+10  3.42516E-36 3.44004E-36 1.66635E-36 1.66797E-36  3.47406E-36 3.46711E-36 1.66635E-36 1.66797E-36
4.64159E+10  3.50915E-36 3.52411E-36 1.70793E-36 1.70958E-36  3.55909E-36 3.55223E-36 1.70793E-36 1.70958E-36
5.01187E+10  3.59516E-36 3.61022E-36 1.75050E-36 1.75216E-36  3.64611E-36 3.63933E-36 1.75050E-36 1.75216E-36
5.41170E+10  3.68314E-36 3.69830E-36 1.79401E-36 1.79570E-36  3.73506E-36 3.72837E-36 1.79401E-36 1.79570E-36
5.84341E+10  3.77305E-36 3.78829E-36 1.83846E-36 1.84018E-36  3.82591E-36 3.81932E-36 1.83846E-36 1.84017E-36
6.30957E+10  3.86493E-36 3.88028E-36 1.88387E-36 1.88562E-36  3.91874E-36 3.91226E-36 1.88387E-36 1.88561E-36
6.81292E+10  3.95886E-36 3.97432E-36 1.93029E-36 1.93206E-36  4.01365E-36 4.00728E-36 1.93029E-36 1.93206E-36
7.35642E+10  4.05492E-36 4.07048E-36 1.97776E-36 1.97956E-36  4.11074E-36 4.10447E-36 1.97776E-36 1.97956E-36
7.94328E+10  4.15318E-36 4.16885E-36 2.02632E-36 2.02815E-36  4.21010E-36 4.20394E-36 2.02632E-36 2.02815E-36
8.57696E+10  4.25372E-36 4.26951E-36 2.07602E-36 2.07788E-36  4.31184E-36 4.30579E-36 2.07602E-36 2.07788E-36
9.26119E+10  4.35662E-36 4.37254E-36 2.12691E-36 2.12880E-36  4.41606E-36 4.41013E-36 2.12691E-36 2.12880E-36
1.00000E+11  4.46199E-36 4.47801E-36 2.17904E-36 2.18096E-36  4.52291E-36 4.51709E-36 2.17904E-36 2.18096E-36
1.07978E+11  4.56988E-36 4.58603E-36 2.23243E-36 2.23438E-36  4.63251E-36 4.62682E-36 2.23243E-36 2.23438E-36
1.16591E+11  4.68034E-36 4.69663E-36 2.28709E-36 2.28906E-36  4.74493E-36 4.73937E-36 2.28709E-36 2.28906E-36
1.25893E+11  4.79340E-36 4.80982E-36 2.34302E-36 2.34503E-36  4.86016E-36 4.85472E-36 2.34302E-36 2.34503E-36
1.35936E+11  4.90908E-36 4.92564E-36 2.40027E-36 2.40231E-36  4.97815E-36 4.97286E-36 2.40027E-36 2.40231E-36
1.46780E+11  5.02739E-36 5.04410E-36 2.45884E-36 2.46092E-36  5.09888E-36 5.09373E-36 2.45884E-36 2.46092E-36
1.58489E+11  5.14835E-36 5.16521E-36 2.51876E-36 2.52088E-36  5.22231E-36 5.21729E-36 2.51876E-36 2.52088E-36
1.71133E+11  5.27198E-36 5.28900E-36 2.58006E-36 2.58221E-36  5.34837E-36 5.34351E-36 2.58007E-36 2.58221E-36
1.84785E+11  5.39830E-36 5.41547E-36 2.64276E-36 2.64495E-36  5.47702E-36 5.47231E-36 2.64276E-36 2.64495E-36
1.99526E+11  5.52730E-36 5.54464E-36 2.70688E-36 2.70911E-36  5.60817E-36 5.60364E-36 2.70688E-36 2.70911E-36
2.15443E+11  5.65909E-36 5.67661E-36 2.77249E-36 2.77475E-36  5.74191E-36 5.73754E-36 2.77249E-36 2.77475E-36
2.32631E+11  5.79382E-36 5.81152E-36 2.83967E-36 2.84197E-36  5.87841E-36 5.87422E-36 2.83967E-36 2.84197E-36
2.51189E+11  5.93154E-36 5.94945E-36 2.90842E-36 2.91076E-36  6.01776E-36 6.01376E-36 2.90842E-36 2.91076E-36
2.71227E+11  6.07231E-36 6.09043E-36 2.97878E-36 2.98116E-36  6.16004E-36 6.15627E-36 2.97878E-36 2.98116E-36
2.92864E+11  6.21619E-36 6.23452E-36 3.05076E-36 3.05318E-36  6.30537E-36 6.30180E-36 3.05076E-36 3.05318E-36
3.16228E+11  6.36322E-36 6.38180E-36 3.12437E-36 3.12684E-36  6.45381E-36 6.45048E-36 3.12437E-36 3.12684E-36
3.41455E+11  6.51347E-36 6.53231E-36 3.19964E-36 3.20215E-36  6.60548E-36 6.60240E-36 3.19964E-36 3.20215E-36
3.68695E+11  6.66699E-36 6.68613E-36 3.27657E-36 3.27913E-36  6.76046E-36 6.75768E-36 3.27657E-36 3.27913E-36
3.98107E+11  6.82383E-36 6.84329E-36 3.35519E-36 3.35779E-36  6.91889E-36 6.91642E-36 3.35519E-36 3.35779E-36
4.29866E+11  6.98405E-36 7.00389E-36 3.43550E-36 3.43815E-36  7.08086E-36 7.07875E-36 3.43550E-36 3.43815E-36
4.64159E+11  7.14770E-36 7.16797E-36 3.51751E-36 3.52021E-36  7.24649E-36 7.24480E-36 3.51751E-36 3.52021E-36
5.01187E+11  7.31487E-36 7.33558E-36 3.60124E-36 3.60399E-36  7.41592E-36 7.41468E-36 3.60124E-36 3.60399E-36
5.41170E+11  7.48568E-36 7.50687E-36 3.68668E-36 3.68948E-36  7.58914E-36 7.58837E-36 3.68668E-36 3.68948E-36
5.84341E+11  7.66022E-36 7.68194E-36 3.77387E-36 3.77672E-36  7.76611E-36 7.76584E-36 3.77387E-36 3.77672E-36
6.30957E+11  7.83853E-36 7.86077E-36 3.86287E-36 3.86577E-36  7.94693E-36 7.94718E-36 3.86287E-36 3.86577E-36
6.81292E+11  8.02060E-36 8.04338E-36 3.95373E-36 3.95669E-36  8.13169E-36 8.13248E-36 3.95373E-36 3.95669E-36
7.35642E+11  8.20641E-36 8.22979E-36 4.04652E-36 4.04954E-36  8.32047E-36 8.32185E-36 4.04652E-36 4.04954E-36
7.94328E+11  8.39595E-36 8.41999E-36 4.14130E-36 4.14438E-36  8.51337E-36 8.51540E-36 4.14130E-36 4.14438E-36
8.57696E+11  8.58924E-36 8.61394E-36 4.23816E-36 4.24129E-36  8.71052E-36 8.71321E-36 4.23816E-36 4.24129E-36
9.26119E+11  8.78623E-36 8.81165E-36 4.33716E-36 4.34035E-36  8.91200E-36 8.91540E-36 4.33716E-36 4.34035E-36
1.00000E+12  8.98763E-36 9.01237E-36 4.43837E-36 4.44163E-36  9.11864E-36 9.12136E-36 4.43837E-36 4.44163E-36
