# BGR18 cross-section
#
# Generated using ENT.
#
# Reference:
#    https://arxiv.org/abs/1106.3723
#
#------------------------------------------------------------------------------------------------------------
#  energy                 neutrino xsec (m^2)                            anti-neutrino xsec (m^2)
#  (GeV)         charged-current        neutral-current           charged-current        neutral-current
#              proton      neutron     proton      neutron      proton      neutron     proton      neutron
#------------------------------------------------------------------------------------------------------------
1.00000E+02  3.45125E-41 6.99126E-41 1.56922E-41 1.76192E-41  2.95422E-41 1.64886E-41 9.41344E-42 9.41833E-42
1.12202E+02  3.88649E-41 7.93117E-41 1.77913E-41 1.99941E-41  3.40304E-41 1.86256E-41 1.07356E-41 1.07018E-41
1.25893E+02  4.43626E-41 8.93579E-41 2.01927E-41 2.26517E-41  3.85745E-41 2.16329E-41 1.22043E-41 1.21875E-41
1.41254E+02  5.07363E-41 1.00546E-40 2.29257E-41 2.56358E-41  4.37093E-41 2.50995E-41 1.38500E-41 1.38897E-41
1.58489E+02  5.76943E-41 1.13418E-40 2.59977E-41 2.90208E-41  4.97607E-41 2.88395E-41 1.57318E-41 1.57995E-41
1.77828E+02  6.56180E-41 1.27874E-40 2.94644E-41 3.28418E-41  5.66512E-41 3.30872E-41 1.78627E-41 1.79602E-41
1.99526E+02  7.43194E-41 1.44415E-40 3.33514E-41 3.71748E-41  6.45526E-41 3.78471E-41 2.02980E-41 2.03793E-41
2.23872E+02  8.40164E-41 1.63169E-40 3.77394E-41 4.20518E-41  7.35668E-41 4.32153E-41 2.30448E-41 2.31201E-41
2.51189E+02  9.47185E-41 1.84514E-40 4.26636E-41 4.75627E-41  8.40137E-41 4.90937E-41 2.61700E-41 2.61942E-41
2.81838E+02  1.07217E-40 2.08086E-40 4.82446E-41 5.37262E-41  9.56503E-41 5.59735E-41 2.96603E-41 2.97029E-41
3.16228E+02  1.21763E-40 2.34107E-40 5.45414E-41 6.06371E-41  1.08354E-40 6.42543E-41 3.35784E-41 3.36812E-41
3.54813E+02  1.38772E-40 2.62686E-40 6.16413E-41 6.83783E-41  1.22219E-40 7.41528E-41 3.79740E-41 3.81887E-41
3.98107E+02  1.57435E-40 2.95206E-40 6.95944E-41 7.70879E-41  1.38140E-40 8.51188E-41 4.29496E-41 4.32440E-41
4.46684E+02  1.77583E-40 3.32474E-40 7.84698E-41 8.69044E-41  1.57027E-40 9.66264E-41 4.86025E-41 4.88849E-41
5.01187E+02  2.00315E-40 3.74088E-40 8.84402E-41 9.78832E-41  1.78240E-40 1.09743E-40 5.49420E-41 5.52521E-41
5.62341E+02  2.25643E-40 4.20799E-40 9.95812E-41 1.10200E-40  2.02296E-40 1.24427E-40 6.20961E-41 6.23841E-41
6.30957E+02  2.54383E-40 4.72628E-40 1.12075E-40 1.23948E-40  2.28817E-40 1.41579E-40 7.01070E-41 7.04231E-41
7.07946E+02  2.86508E-40 5.30512E-40 1.26041E-40 1.39309E-40  2.58715E-40 1.60872E-40 7.91025E-41 7.94455E-41
7.94328E+02  3.23908E-40 5.93555E-40 1.41727E-40 1.56365E-40  2.91473E-40 1.83464E-40 8.91071E-41 8.96529E-41
8.91251E+02  3.64790E-40 6.64625E-40 1.59171E-40 1.75439E-40  3.28930E-40 2.08223E-40 1.00376E-40 1.01039E-40
1.00000E+03  4.09983E-40 7.44059E-40 1.78567E-40 1.96728E-40  3.71056E-40 2.35962E-40 1.13043E-40 1.13747E-40
1.12202E+03  4.60162E-40 8.32438E-40 2.00162E-40 2.20410E-40  4.18430E-40 2.66957E-40 1.27217E-40 1.27972E-40
1.25893E+03  5.15895E-40 9.30548E-40 2.24180E-40 2.46724E-40  4.71614E-40 3.01587E-40 1.43065E-40 1.43878E-40
1.41254E+03  5.77466E-40 1.03956E-39 2.50822E-40 2.75968E-40  5.31418E-40 3.40073E-40 1.60811E-40 1.61613E-40
1.58489E+03  6.46437E-40 1.15945E-39 2.80444E-40 3.08325E-40  5.97802E-40 3.83578E-40 1.80560E-40 1.81474E-40
1.77828E+03  7.24308E-40 1.29038E-39 3.13328E-40 3.44093E-40  6.70668E-40 4.33428E-40 2.02532E-40 2.03683E-40
1.99526E+03  8.10746E-40 1.43443E-39 3.49710E-40 3.83661E-40  7.51651E-40 4.89323E-40 2.27037E-40 2.28418E-40
2.23872E+03  9.07267E-40 1.59194E-39 3.90002E-40 4.27283E-40  8.41178E-40 5.52287E-40 2.54247E-40 2.56035E-40
2.51189E+03  1.01315E-39 1.76557E-39 4.34440E-40 4.75437E-40  9.40852E-40 6.22287E-40 2.84567E-40 2.86712E-40
2.81838E+03  1.12849E-39 1.95726E-39 4.83358E-40 5.28550E-40  1.05299E-39 6.98706E-40 3.18343E-40 3.20734E-40
3.16228E+03  1.25605E-39 2.16637E-39 5.37250E-40 5.86932E-40  1.17692E-39 7.84041E-40 3.55824E-40 3.58543E-40
3.54813E+03  1.39586E-39 2.39506E-39 5.96503E-40 6.51051E-40  1.31456E-39 8.78359E-40 3.97407E-40 4.00492E-40
3.98107E+03  1.54953E-39 2.64398E-39 6.61534E-40 7.21391E-40  1.46642E-39 9.83252E-40 4.43530E-40 4.46959E-40
4.46684E+03  1.71758E-39 2.91493E-39 7.32845E-40 7.98394E-40  1.63419E-39 1.09930E-39 4.94590E-40 4.98431E-40
5.01187E+03  1.90295E-39 3.20730E-39 8.11005E-40 8.82484E-40  1.81754E-39 1.22922E-39 5.50994E-40 5.55460E-40
5.62341E+03  2.10466E-39 3.52442E-39 8.96400E-40 9.74308E-40  2.02005E-39 1.37204E-39 6.13365E-40 6.18456E-40
6.30957E+03  2.32715E-39 3.86422E-39 9.89729E-40 1.07424E-39  2.24030E-39 1.53188E-39 6.82098E-40 6.88147E-40
7.07946E+03  2.56606E-39 4.23334E-39 1.09129E-39 1.18309E-39  2.48466E-39 1.70525E-39 7.58056E-40 7.64872E-40
7.94328E+03  2.82568E-39 4.62976E-39 1.20177E-39 1.30130E-39  2.75207E-39 1.89624E-39 8.41746E-40 8.49424E-40
8.91251E+03  3.10726E-39 5.05438E-39 1.32184E-39 1.42937E-39  3.04405E-39 2.10651E-39 9.33785E-40 9.42577E-40
1.00000E+04  3.41317E-39 5.50683E-39 1.45209E-39 1.56791E-39  3.36142E-39 2.33858E-39 1.03492E-39 1.04508E-39
1.12202E+04  3.74476E-39 5.98957E-39 1.59347E-39 1.71795E-39  3.70721E-39 2.59446E-39 1.14645E-39 1.15813E-39
1.25893E+04  4.10410E-39 6.50445E-39 1.74694E-39 1.88041E-39  4.08404E-39 2.87643E-39 1.26946E-39 1.28293E-39
1.41254E+04  4.49087E-39 7.05367E-39 1.91298E-39 2.05573E-39  4.49478E-39 3.18463E-39 1.40449E-39 1.42002E-39
1.58489E+04  4.90667E-39 7.63716E-39 2.09190E-39 2.24431E-39  4.94011E-39 3.52099E-39 1.55201E-39 1.56973E-39
1.77828E+04  5.35196E-39 8.25552E-39 2.28394E-39 2.44635E-39  5.42147E-39 3.88619E-39 1.71220E-39 1.73226E-39
1.99526E+04  5.82790E-39 8.90817E-39 2.48924E-39 2.66182E-39  5.93894E-39 4.28155E-39 1.88499E-39 1.90758E-39
2.23872E+04  6.33599E-39 9.59696E-39 2.70883E-39 2.89170E-39  6.49593E-39 4.70983E-39 2.07132E-39 2.09671E-39
2.51189E+04  6.87975E-39 1.03243E-38 2.94434E-39 3.13772E-39  7.09692E-39 5.17561E-39 2.27314E-39 2.30158E-39
2.81838E+04  7.46184E-39 1.10916E-38 3.19662E-39 3.40063E-39  7.74346E-39 5.68197E-39 2.49149E-39 2.52323E-39
3.16228E+04  8.08278E-39 1.19026E-38 3.46648E-39 3.68124E-39  8.43940E-39 6.22958E-39 2.72743E-39 2.76275E-39
3.54813E+04  8.74742E-39 1.27570E-38 3.75483E-39 3.98027E-39  9.18460E-39 6.82300E-39 2.98207E-39 3.02131E-39
3.98107E+04  9.45657E-39 1.36592E-38 4.06245E-39 4.29856E-39  9.98281E-39 7.46274E-39 3.25660E-39 3.30007E-39
4.46684E+04  1.02137E-38 1.46113E-38 4.39014E-39 4.63697E-39  1.08351E-38 8.15168E-39 3.55229E-39 3.60029E-39
5.01187E+04  1.10215E-38 1.56170E-38 4.73874E-39 4.99628E-39  1.17438E-38 8.89127E-39 3.87045E-39 3.92323E-39
5.62341E+04  1.18817E-38 1.66761E-38 5.10809E-39 5.37607E-39  1.27098E-38 9.68407E-39 4.21178E-39 4.26970E-39
6.30957E+04  1.27977E-38 1.77852E-38 5.49836E-39 5.77647E-39  1.37322E-38 1.05354E-38 4.57705E-39 4.64043E-39
7.07946E+04  1.37674E-38 1.89496E-38 5.91103E-39 6.19895E-39  1.48170E-38 1.14436E-38 4.96763E-39 5.03675E-39
7.94328E+04  1.47938E-38 2.01688E-38 6.34780E-39 6.64528E-39  1.59650E-38 1.24126E-38 5.38493E-39 5.46011E-39
8.91251E+04  1.58777E-38 2.14451E-38 6.81066E-39 7.11753E-39  1.71789E-38 1.34437E-38 5.83050E-39 5.91200E-39
1.00000E+05  1.70220E-38 2.27780E-38 7.30197E-39 7.61803E-39  1.84590E-38 1.45410E-38 6.30597E-39 6.39403E-39
1.12202E+05  1.82260E-38 2.41654E-38 7.82241E-39 8.14743E-39  1.98060E-38 1.57057E-38 6.81332E-39 6.90822E-39
1.25893E+05  1.94906E-38 2.56084E-38 8.37207E-39 8.70569E-39  2.12219E-38 1.69396E-38 7.35416E-39 7.45612E-39
1.41254E+05  2.08201E-38 2.71130E-38 8.95279E-39 9.29467E-39  2.27116E-38 1.82465E-38 7.92946E-39 8.03870E-39
1.58489E+05  2.22205E-38 2.86856E-38 9.56659E-39 9.91645E-39  2.42795E-38 1.96313E-38 8.54004E-39 8.65678E-39
1.77828E+05  2.37002E-38 3.03326E-38 1.02157E-38 1.05733E-38  2.59295E-38 2.11011E-38 9.18653E-39 9.31094E-39
1.99526E+05  2.52648E-38 3.20653E-38 1.09028E-38 1.12679E-38  2.76705E-38 2.26596E-38 9.86935E-39 1.00016E-38
2.23872E+05  2.69197E-38 3.38879E-38 1.16305E-38 1.20029E-38  2.95082E-38 2.43138E-38 1.05897E-38 1.07299E-38
2.51189E+05  2.86673E-38 3.57991E-38 1.24010E-38 1.27804E-38  3.14456E-38 2.60694E-38 1.13504E-38 1.14986E-38
2.81838E+05  3.05128E-38 3.78016E-38 1.32160E-38 1.36019E-38  3.34849E-38 2.79318E-38 1.21538E-38 1.23101E-38
3.16228E+05  3.24574E-38 3.99029E-38 1.40770E-38 1.44694E-38  3.56327E-38 2.99016E-38 1.30027E-38 1.31673E-38
3.54813E+05  3.45062E-38 4.21066E-38 1.49858E-38 1.53844E-38  3.78915E-38 3.19838E-38 1.39003E-38 1.40733E-38
3.98107E+05  3.66656E-38 4.44156E-38 1.59439E-38 1.63486E-38  4.02631E-38 3.41834E-38 1.48501E-38 1.50317E-38
4.46684E+05  3.89375E-38 4.68374E-38 1.69531E-38 1.73634E-38  4.27535E-38 3.65012E-38 1.58563E-38 1.60465E-38
5.01187E+05  4.13284E-38 4.93756E-38 1.80146E-38 1.84303E-38  4.53641E-38 3.89424E-38 1.69232E-38 1.71222E-38
5.62341E+05  4.38402E-38 5.20303E-38 1.91278E-38 1.95486E-38  4.80912E-38 4.15056E-38 1.80529E-38 1.82608E-38
6.30957E+05  4.64764E-38 5.48018E-38 2.02938E-38 2.07192E-38  5.09337E-38 4.41931E-38 1.92455E-38 1.94623E-38
7.07946E+05  4.92430E-38 5.76973E-38 2.15166E-38 2.19465E-38  5.39002E-38 4.70122E-38 2.05025E-38 2.07283E-38
7.94328E+05  5.21432E-38 6.07275E-38 2.28012E-38 2.32354E-38  5.70037E-38 4.99683E-38 2.18254E-38 2.20602E-38
8.91251E+05  5.51876E-38 6.38974E-38 2.41532E-38 2.45914E-38  6.02519E-38 5.30746E-38 2.32154E-38 2.34593E-38
1.00000E+06  5.83837E-38 6.72163E-38 2.55789E-38 2.60211E-38  6.36580E-38 5.63420E-38 2.46736E-38 2.49264E-38
1.12202E+06  6.17368E-38 7.06881E-38 2.70819E-38 2.75282E-38  6.72241E-38 5.97749E-38 2.62004E-38 2.64621E-38
1.25893E+06  6.52523E-38 7.43140E-38 2.86633E-38 2.91135E-38  7.09477E-38 6.33750E-38 2.77985E-38 2.80692E-38
1.41254E+06  6.89331E-38 7.81065E-38 3.03256E-38 3.07797E-38  7.48417E-38 6.71456E-38 2.94727E-38 2.97522E-38
1.58489E+06  7.27894E-38 8.20716E-38 3.20718E-38 3.25298E-38  7.89130E-38 7.10980E-38 3.12280E-38 3.15163E-38
1.77828E+06  7.68289E-38 8.62191E-38 3.39046E-38 3.43664E-38  8.31721E-38 7.52407E-38 3.30702E-38 3.33674E-38
1.99526E+06  8.10642E-38 9.05551E-38 3.58267E-38 3.62922E-38  8.76266E-38 7.95877E-38 3.50060E-38 3.53120E-38
2.23872E+06  8.55053E-38 9.50913E-38 3.78428E-38 3.83118E-38  9.22895E-38 8.41503E-38 3.70401E-38 3.73549E-38
2.51189E+06  9.01583E-38 9.98409E-38 3.99587E-38 4.04314E-38  9.71738E-38 8.89346E-38 3.91750E-38 3.94987E-38
2.81838E+06  9.50330E-38 1.04810E-37 4.21789E-38 4.26554E-38  1.02286E-37 9.39500E-38 4.14154E-38 4.17480E-38
3.16228E+06  1.00136E-37 1.10008E-37 4.45080E-38 4.49883E-38  1.07633E-37 9.92027E-38 4.37658E-38 4.41074E-38
3.54813E+06  1.05479E-37 1.15442E-37 4.69507E-38 4.74349E-38  1.13222E-37 1.04703E-37 4.62313E-38 4.65818E-38
3.98107E+06  1.11070E-37 1.21117E-37 4.95120E-38 5.00002E-38  1.19058E-37 1.10458E-37 4.88170E-38 4.91765E-38
4.46684E+06  1.16916E-37 1.27044E-37 5.21970E-38 5.26893E-38  1.25150E-37 1.16475E-37 5.15284E-38 5.18969E-38
5.01187E+06  1.23024E-37 1.33235E-37 5.50112E-38 5.55075E-38  1.31508E-37 1.22758E-37 5.43712E-38 5.47488E-38
5.62341E+06  1.29395E-37 1.39685E-37 5.79576E-38 5.84582E-38  1.38123E-37 1.29305E-37 5.73456E-38 5.77322E-38
6.30957E+06  1.36038E-37 1.46399E-37 6.10396E-38 6.15446E-38  1.44997E-37 1.36120E-37 6.04529E-38 6.08486E-38
7.07946E+06  1.42966E-37 1.53400E-37 6.42627E-38 6.47721E-38  1.52154E-37 1.43219E-37 6.37012E-38 6.41059E-38
7.94328E+06  1.50201E-37 1.60704E-37 6.76327E-38 6.81468E-38  1.59614E-37 1.50624E-37 6.70992E-38 6.75130E-38
8.91251E+06  1.57764E-37 1.68336E-37 7.11558E-38 7.16745E-38  1.67400E-37 1.58362E-37 7.06566E-38 7.10795E-38
1.00000E+07  1.65681E-37 1.76319E-37 7.48382E-38 7.53618E-38  1.75543E-37 1.66457E-37 7.43840E-38 7.48160E-38
1.12202E+07  1.73973E-37 1.84672E-37 7.86822E-38 7.92107E-38  1.84057E-37 1.74931E-37 7.82953E-38 7.87367E-38
1.25893E+07  1.82641E-37 1.93408E-37 8.26923E-38 8.32259E-38  1.92953E-37 1.83782E-37 8.23968E-38 8.28476E-38
1.41254E+07  1.91697E-37 2.02533E-37 8.68788E-38 8.74178E-38  2.02234E-37 1.93020E-37 8.66872E-38 8.71477E-38
1.58489E+07  2.01154E-37 2.12049E-37 9.12537E-38 9.17980E-38  2.11903E-37 2.02655E-37 9.11638E-38 9.16337E-38
1.77828E+07  2.11013E-37 2.21965E-37 9.58297E-38 9.63796E-38  2.21967E-37 2.12690E-37 9.58217E-38 9.63011E-38
1.99526E+07  2.21279E-37 2.32288E-37 1.00621E-37 1.01177E-37  2.32434E-37 2.23127E-37 1.00654E-37 1.01143E-37
2.23872E+07  2.31970E-37 2.43036E-37 1.05644E-37 1.06206E-37  2.43309E-37 2.33976E-37 1.05654E-37 1.06152E-37
2.51189E+07  2.43118E-37 2.54236E-37 1.10910E-37 1.11479E-37  2.54613E-37 2.45259E-37 1.10832E-37 1.11339E-37
2.81838E+07  2.54738E-37 2.65907E-37 1.16424E-37 1.16999E-37  2.66371E-37 2.56999E-37 1.16205E-37 1.16721E-37
3.16228E+07  2.66849E-37 2.78068E-37 1.22190E-37 1.22772E-37  2.78612E-37 2.69223E-37 1.21795E-37 1.22320E-37
3.54813E+07  2.79469E-37 2.90738E-37 1.28212E-37 1.28802E-37  2.91364E-37 2.81959E-37 1.27625E-37 1.28160E-37
3.98107E+07  2.92620E-37 3.03937E-37 1.34493E-37 1.35090E-37  3.04660E-37 2.95241E-37 1.33725E-37 1.34269E-37
4.46684E+07  3.06323E-37 3.17684E-37 1.41034E-37 1.41639E-37  3.18534E-37 3.09103E-37 1.40125E-37 1.40678E-37
5.01187E+07  3.20598E-37 3.32003E-37 1.47837E-37 1.48449E-37  3.33026E-37 3.23584E-37 1.46861E-37 1.47424E-37
5.62341E+07  3.35449E-37 3.46898E-37 1.54899E-37 1.55519E-37  3.48162E-37 3.38707E-37 1.53964E-37 1.54538E-37
6.30957E+07  3.50887E-37 3.62379E-37 1.62233E-37 1.62861E-37  3.63947E-37 3.54481E-37 1.61435E-37 1.62019E-37
7.07946E+07  3.66944E-37 3.78477E-37 1.69857E-37 1.70492E-37  3.80392E-37 3.70915E-37 1.69261E-37 1.69856E-37
7.94328E+07  3.83654E-37 3.95223E-37 1.77789E-37 1.78432E-37  3.97502E-37 3.88020E-37 1.77427E-37 1.78033E-37
8.91251E+07  4.01053E-37 4.12658E-37 1.86051E-37 1.86704E-37  4.15286E-37 4.05798E-37 1.85911E-37 1.86529E-37
1.00000E+08  4.19176E-37 4.30824E-37 1.94670E-37 1.95330E-37  4.33747E-37 4.24253E-37 1.94686E-37 1.95314E-37
1.12202E+08  4.38064E-37 4.49750E-37 2.03654E-37 2.04324E-37  4.52897E-37 4.43400E-37 2.03747E-37 2.04386E-37
1.25893E+08  4.57736E-37 4.69457E-37 2.13009E-37 2.13688E-37  4.72770E-37 4.63276E-37 2.13127E-37 2.13777E-37
1.41254E+08  4.78206E-37 4.89966E-37 2.22748E-37 2.23436E-37  4.93403E-37 4.83911E-37 2.22853E-37 2.23513E-37
1.58489E+08  4.99493E-37 5.11291E-37 2.32884E-37 2.33582E-37  5.14833E-37 5.05345E-37 2.32954E-37 2.33626E-37
1.77828E+08  5.21614E-37 5.33449E-37 2.43433E-37 2.44141E-37  5.37101E-37 5.27619E-37 2.43465E-37 2.44147E-37
1.99526E+08  5.44582E-37 5.56453E-37 2.54411E-37 2.55128E-37  5.60251E-37 5.50776E-37 2.54422E-37 2.55116E-37
2.23872E+08  5.68439E-37 5.80344E-37 2.65841E-37 2.66568E-37  5.84315E-37 5.74847E-37 2.65852E-37 2.66557E-37
2.51189E+08  5.93238E-37 6.05177E-37 2.77747E-37 2.78485E-37  6.09316E-37 5.99859E-37 2.77758E-37 2.78474E-37
2.81838E+08  6.19009E-37 6.30984E-37 2.90144E-37 2.90892E-37  6.35296E-37 6.25848E-37 2.90154E-37 2.90882E-37
3.16228E+08  6.45785E-37 6.57796E-37 3.03043E-37 3.03802E-37  6.62293E-37 6.52856E-37 3.03053E-37 3.03793E-37
3.54813E+08  6.73597E-37 6.85643E-37 3.16458E-37 3.17228E-37  6.90350E-37 6.80927E-37 3.16467E-37 3.17220E-37
3.98107E+08  7.02479E-37 7.14558E-37 3.30400E-37 3.31182E-37  7.19512E-37 7.10105E-37 3.30409E-37 3.31174E-37
4.46684E+08  7.32461E-37 7.44575E-37 3.44881E-37 3.45675E-37  7.49829E-37 7.40437E-37 3.44889E-37 3.45667E-37
5.01187E+08  7.63577E-37 7.75729E-37 3.59913E-37 3.60718E-37  7.81351E-37 7.71973E-37 3.59920E-37 3.60711E-37
5.62341E+08  7.95818E-37 8.08004E-37 3.75488E-37 3.76305E-37  8.14138E-37 8.04777E-37 3.75495E-37 3.76298E-37
6.30957E+08  8.29199E-37 8.41420E-37 3.91620E-37 3.92449E-37  8.48222E-37 8.38881E-37 3.91626E-37 3.92443E-37
7.07946E+08  8.63800E-37 8.76054E-37 4.08347E-37 4.09189E-37  8.83614E-37 8.74293E-37 4.08353E-37 4.09183E-37
7.94328E+08  8.99702E-37 9.11997E-37 4.25713E-37 4.26568E-37  9.20317E-37 9.11013E-37 4.25719E-37 4.26562E-37
8.91251E+08  9.37008E-37 9.49337E-37 4.43766E-37 4.44634E-37  9.58322E-37 9.49045E-37 4.43772E-37 4.44628E-37
1.00000E+09  9.75816E-37 9.88184E-37 4.62559E-37 4.63441E-37  9.97625E-37 9.88375E-37 4.62565E-37 4.63435E-37
1.12202E+09  1.01624E-36 1.02865E-36 4.82132E-37 4.83027E-37  1.03820E-36 1.02898E-36 4.82137E-37 4.83022E-37
1.25893E+09  1.05831E-36 1.07077E-36 5.02493E-37 5.03402E-37  1.08010E-36 1.07092E-36 5.02497E-37 5.03398E-37
1.41254E+09  1.10202E-36 1.11453E-36 5.23654E-37 5.24578E-37  1.12344E-36 1.11430E-36 5.23658E-37 5.24574E-37
1.58489E+09  1.14734E-36 1.15990E-36 5.45624E-37 5.46563E-37  1.16836E-36 1.15925E-36 5.45628E-37 5.46559E-37
1.77828E+09  1.19424E-36 1.20684E-36 5.68411E-37 5.69366E-37  1.21499E-36 1.20592E-36 5.68415E-37 5.69362E-37
1.99526E+09  1.24266E-36 1.25531E-36 5.92020E-37 5.92990E-37  1.26349E-36 1.25447E-36 5.92023E-37 5.92987E-37
2.23872E+09  1.29261E-36 1.30531E-36 6.16484E-37 6.17471E-37  1.31395E-36 1.30497E-36 6.16487E-37 6.17467E-37
2.51189E+09  1.34419E-36 1.35694E-36 6.41861E-37 6.42864E-37  1.36636E-36 1.35742E-36 6.41864E-37 6.42861E-37
2.81838E+09  1.39752E-36 1.41031E-36 6.68181E-37 6.69201E-37  1.42078E-36 1.41189E-36 6.68184E-37 6.69198E-37
3.16228E+09  1.45270E-36 1.46555E-36 6.95477E-37 6.96515E-37  1.47729E-36 1.46845E-36 6.95480E-37 6.96512E-37
3.54813E+09  1.50987E-36 1.52277E-36 7.23782E-37 7.24838E-37  1.53597E-36 1.52717E-36 7.23785E-37 7.24835E-37
3.98107E+09  1.56917E-36 1.58213E-36 7.53131E-37 7.54206E-37  1.59688E-36 1.58812E-36 7.53133E-37 7.54203E-37
4.46684E+09  1.63076E-36 1.64377E-36 7.83560E-37 7.84653E-37  1.66009E-36 1.65140E-36 7.83562E-37 7.84651E-37
5.01187E+09  1.69481E-36 1.70788E-36 8.15105E-37 8.16218E-37  1.72570E-36 1.71706E-36 8.15107E-37 8.16216E-37
5.62341E+09  1.76134E-36 1.77448E-36 8.47743E-37 8.48877E-37  1.79385E-36 1.78526E-36 8.47745E-37 8.48874E-37
6.30957E+09  1.83034E-36 1.84355E-36 8.81484E-37 8.82638E-37  1.86464E-36 1.85612E-36 8.81486E-37 8.82636E-37
7.07946E+09  1.90191E-36 1.91519E-36 9.16416E-37 9.17591E-37  1.93809E-36 1.92962E-36 9.16417E-37 9.17589E-37
7.94328E+09  1.97617E-36 1.98953E-36 9.52635E-37 9.53832E-37  2.01417E-36 2.00577E-36 9.52637E-37 9.53830E-37
8.91251E+09  2.05324E-36 2.06667E-36 9.90249E-37 9.91469E-37  2.09286E-36 2.08453E-36 9.90251E-37 9.91468E-37
1.00000E+10  2.13324E-36 2.14676E-36 1.02938E-36 1.03062E-36  2.17413E-36 2.16587E-36 1.02938E-36 1.03062E-36
1.12202E+10  2.21645E-36 2.23006E-36 1.07015E-36 1.07142E-36  2.25803E-36 2.24985E-36 1.07015E-36 1.07142E-36
1.25893E+10  2.30302E-36 2.31673E-36 1.11260E-36 1.11389E-36  2.34473E-36 2.33663E-36 1.11260E-36 1.11389E-36
1.41254E+10  2.39287E-36 2.40668E-36 1.15668E-36 1.15800E-36  2.43434E-36 2.42632E-36 1.15668E-36 1.15800E-36
1.58489E+10  2.48589E-36 2.49980E-36 1.20237E-36 1.20371E-36  2.52696E-36 2.51904E-36 1.20237E-36 1.20371E-36
1.77828E+10  2.58195E-36 2.59597E-36 1.24959E-36 1.25097E-36  2.62274E-36 2.61490E-36 1.24959E-36 1.25097E-36
1.99526E+10  2.68087E-36 2.69499E-36 1.29828E-36 1.29968E-36  2.72179E-36 2.71406E-36 1.29828E-36 1.29968E-36
2.23872E+10  2.78269E-36 2.79692E-36 1.34847E-36 1.34990E-36  2.82421E-36 2.81658E-36 1.34847E-36 1.34990E-36
2.51189E+10  2.88768E-36 2.90202E-36 1.40031E-36 1.40178E-36  2.93009E-36 2.92255E-36 1.40031E-36 1.40178E-36
2.81838E+10  2.99603E-36 3.01047E-36 1.45388E-36 1.45537E-36  3.03955E-36 3.03213E-36 1.45388E-36 1.45537E-36
3.16228E+10  3.10790E-36 3.12247E-36 1.50924E-36 1.51077E-36  3.15275E-36 3.14544E-36 1.50925E-36 1.51077E-36
3.54813E+10  3.22353E-36 3.23821E-36 1.56650E-36 1.56806E-36  3.26984E-36 3.26265E-36 1.56650E-36 1.56806E-36
3.98107E+10  3.34311E-36 3.35792E-36 1.62572E-36 1.62732E-36  3.39098E-36 3.38391E-36 1.62573E-36 1.62732E-36
4.46684E+10  3.46690E-36 3.48184E-36 1.68702E-36 1.68865E-36  3.51635E-36 3.50941E-36 1.68702E-36 1.68865E-36
5.01187E+10  3.59515E-36 3.61023E-36 1.75050E-36 1.75216E-36  3.64612E-36 3.63932E-36 1.75050E-36 1.75216E-36
5.62341E+10  3.72784E-36 3.74306E-36 1.81612E-36 1.81782E-36  3.78025E-36 3.77359E-36 1.81612E-36 1.81782E-36
6.30957E+10  3.86493E-36 3.88028E-36 1.88387E-36 1.88562E-36  3.91876E-36 3.91224E-36 1.88387E-36 1.88561E-36
7.07946E+10  4.00662E-36 4.02213E-36 1.95389E-36 1.95568E-36  4.06194E-36 4.05557E-36 1.95389E-36 1.95568E-36
7.94328E+10  4.15319E-36 4.16885E-36 2.02632E-36 2.02815E-36  4.21013E-36 4.20391E-36 2.02632E-36 2.02815E-36
8.91251E+10  4.30488E-36 4.32071E-36 2.10132E-36 2.10319E-36  4.36366E-36 4.35761E-36 2.10132E-36 2.10319E-36
1.00000E+11  4.46200E-36 4.47800E-36 2.17904E-36 2.18096E-36  4.52295E-36 4.51705E-36 2.17904E-36 2.18096E-36
1.12202E+11  4.62481E-36 4.64099E-36 2.25960E-36 2.26156E-36  4.68842E-36 4.68270E-36 2.25960E-36 2.26156E-36
1.25893E+11  4.79343E-36 4.80979E-36 2.34302E-36 2.34503E-36  4.86021E-36 4.85467E-36 2.34302E-36 2.34503E-36
1.41254E+11  4.96794E-36 4.98450E-36 2.42938E-36 2.43144E-36  5.03824E-36 5.03289E-36 2.42938E-36 2.43144E-36
1.58489E+11  5.14840E-36 5.16516E-36 2.51876E-36 2.52088E-36  5.22238E-36 5.21722E-36 2.51876E-36 2.52088E-36
1.77828E+11  5.33487E-36 5.35184E-36 2.61124E-36 2.61340E-36  5.41247E-36 5.40751E-36 2.61124E-36 2.61340E-36
1.99526E+11  5.52737E-36 5.54456E-36 2.70688E-36 2.70911E-36  5.60828E-36 5.60353E-36 2.70688E-36 2.70911E-36
2.23872E+11  5.72618E-36 5.74359E-36 2.80588E-36 2.80816E-36  5.80993E-36 5.80541E-36 2.80588E-36 2.80816E-36
2.51189E+11  5.93167E-36 5.94932E-36 2.90842E-36 2.91076E-36  6.01791E-36 6.01361E-36 2.90842E-36 2.91076E-36
2.81838E+11  6.14403E-36 6.16192E-36 3.01457E-36 3.01697E-36  6.23251E-36 6.22845E-36 3.01457E-36 3.01697E-36
3.16228E+11  6.36344E-36 6.38158E-36 3.12437E-36 3.12684E-36  6.45405E-36 6.45024E-36 3.12437E-36 3.12684E-36
3.54813E+11  6.59011E-36 6.60851E-36 3.23790E-36 3.24043E-36  6.68286E-36 6.67930E-36 3.23790E-36 3.24043E-36
3.98107E+11  6.82422E-36 6.84290E-36 3.35519E-36 3.35779E-36  6.91930E-36 6.91601E-36 3.35519E-36 3.35779E-36
4.46684E+11  7.06599E-36 7.08495E-36 3.47629E-36 3.47897E-36  7.16376E-36 7.16075E-36 3.47629E-36 3.47897E-36
5.01187E+11  7.31560E-36 7.33485E-36 3.60124E-36 3.60399E-36  7.41666E-36 7.41394E-36 3.60124E-36 3.60399E-36
5.62341E+11  7.57343E-36 7.59299E-36 3.73005E-36 3.73288E-36  7.67810E-36 7.67568E-36 3.73005E-36 3.73288E-36
6.30957E+11  7.83971E-36 7.85959E-36 3.86287E-36 3.86577E-36  7.94811E-36 7.94600E-36 3.86287E-36 3.86577E-36
7.07946E+11  8.11447E-36 8.13467E-36 3.99988E-36 4.00287E-36  8.22700E-36 8.22522E-36 3.99988E-36 4.00287E-36
7.94328E+11  8.39770E-36 8.41824E-36 4.14130E-36 4.14438E-36  8.51511E-36 8.51366E-36 4.14131E-36 4.14438E-36
8.91251E+11  8.68935E-36 8.71025E-36 4.28739E-36 4.29055E-36  8.81278E-36 8.81168E-36 4.28739E-36 4.29055E-36
1.00000E+12  8.98937E-36 9.01063E-36 4.43837E-36 4.44163E-36  9.12037E-36 9.11963E-36 4.43837E-36 4.44163E-36
