# CMS11 cross-section
#
# Generated using ENT.
#
# Reference:
#    https://arxiv.org/abs/1106.3723
#
#------------------------------------------------------------------------------------------------------------
#  energy                 neutrino xsec (m^2)                            anti-neutrino xsec (m^2)
#  (GeV)         charged-current        neutral-current           charged-current        neutral-current
#              proton      neutron     proton      neutron      proton      neutron     proton      neutron
#------------------------------------------------------------------------------------------------------------
1.00000E+02  4.31655E-41 8.68345E-41 1.89120E-41 2.10880E-41  4.15957E-41 2.44043E-41 1.19735E-41 1.20265E-41
1.07978E+02  4.67421E-41 9.37316E-41 2.04640E-41 2.28077E-41  4.51697E-41 2.66060E-41 1.30184E-41 1.30780E-41
1.16591E+02  5.06017E-41 1.01156E-40 2.21624E-41 2.46891E-41  4.90072E-41 2.89789E-41 1.41066E-41 1.41732E-41
1.25893E+02  5.47671E-41 1.09147E-40 2.40157E-41 2.67415E-41  5.31323E-41 3.15373E-41 1.52449E-41 1.53188E-41
1.35936E+02  5.92621E-41 1.17750E-40 2.60320E-41 2.89736E-41  5.75718E-41 3.42985E-41 1.64424E-41 1.65241E-41
1.46780E+02  6.41128E-41 1.27010E-40 2.82184E-41 3.13932E-41  6.23557E-41 3.72828E-41 1.77115E-41 1.78014E-41
1.58489E+02  6.93472E-41 1.36980E-40 3.05809E-41 3.40069E-41  6.75178E-41 4.05132E-41 1.90677E-41 1.91663E-41
1.71133E+02  7.49958E-41 1.47713E-40 3.31239E-41 3.68193E-41  7.30976E-41 4.40155E-41 2.05305E-41 2.06385E-41
1.84785E+02  8.10923E-41 1.59271E-40 3.58496E-41 3.98327E-41  7.91418E-41 4.78175E-41 2.21240E-41 2.22422E-41
1.99526E+02  8.76729E-41 1.71716E-40 3.87579E-41 4.30468E-41  8.57003E-41 5.19547E-41 2.38780E-41 2.40074E-41
2.15443E+02  9.47779E-41 1.85124E-40 4.18555E-41 4.64686E-41  9.28201E-41 5.64569E-41 2.58049E-41 2.59464E-41
2.32631E+02  1.02452E-40 1.99571E-40 4.51619E-41 5.01198E-41  1.00537E-40 6.13490E-41 2.78994E-41 2.80542E-41
2.51189E+02  1.10737E-40 2.15132E-40 4.86951E-41 5.40198E-41  1.08895E-40 6.66621E-41 3.01740E-41 3.03431E-41
2.71227E+02  1.19679E-40 2.31886E-40 5.24753E-41 5.81911E-41  1.17943E-40 7.24269E-41 3.26414E-41 3.28262E-41
2.92864E+02  1.29327E-40 2.49918E-40 5.65256E-41 6.26588E-41  1.27729E-40 7.86793E-41 3.53150E-41 3.55168E-41
3.16228E+02  1.39733E-40 2.69317E-40 6.08726E-41 6.74519E-41  1.38305E-40 8.54545E-41 3.82084E-41 3.84286E-41
3.41455E+02  1.50951E-40 2.90177E-40 6.55464E-41 7.26033E-41  1.49727E-40 9.27903E-41 4.13355E-41 4.15757E-41
3.68695E+02  1.63038E-40 3.12600E-40 7.05812E-41 7.81507E-41  1.62053E-40 1.00724E-40 4.47103E-41 4.49722E-41
3.98107E+02  1.76058E-40 3.36689E-40 7.60165E-41 8.41373E-41  1.75338E-40 1.09299E-40 4.83467E-41 4.86321E-41
4.29866E+02  1.90074E-40 3.62556E-40 8.18971E-41 9.06122E-41  1.89644E-40 1.18558E-40 5.22584E-41 5.25693E-41
4.64159E+02  2.05157E-40 3.90316E-40 8.82747E-41 9.76317E-41  2.05035E-40 1.28544E-40 5.64586E-41 5.67972E-41
5.01187E+02  2.21378E-40 4.20092E-40 9.52083E-41 1.05260E-40  2.21573E-40 1.39300E-40 6.09600E-41 6.13283E-41
5.41170E+02  2.38798E-40 4.51978E-40 1.02776E-40 1.13584E-40  2.39343E-40 1.50888E-40 6.57718E-41 6.61722E-41
5.84341E+02  2.57493E-40 4.86102E-40 1.11033E-40 1.22662E-40  2.58442E-40 1.63374E-40 7.09149E-41 7.13500E-41
6.30957E+02  2.77569E-40 5.22641E-40 1.20015E-40 1.32534E-40  2.78964E-40 1.76826E-40 7.64214E-41 7.68942E-41
6.81292E+02  2.99144E-40 5.61795E-40 1.29751E-40 1.43230E-40  3.01009E-40 1.91309E-40 8.23284E-41 8.28422E-41
7.35642E+02  3.22350E-40 6.03782E-40 1.40267E-40 1.54777E-40  3.24679E-40 2.06901E-40 8.86784E-41 8.92367E-41
7.94328E+02  3.47333E-40 6.48844E-40 1.51581E-40 1.67194E-40  3.50087E-40 2.23683E-40 9.55204E-41 9.61275E-41
8.57696E+02  3.74254E-40 6.97253E-40 1.63700E-40 1.80488E-40  3.77352E-40 2.41737E-40 1.02911E-40 1.03572E-40
9.26119E+02  4.03292E-40 7.49310E-40 1.76622E-40 1.94654E-40  4.06603E-40 2.61151E-40 1.10915E-40 1.11635E-40
1.00000E+03  4.34652E-40 8.05348E-40 1.90329E-40 2.09671E-40  4.37971E-40 2.82029E-40 1.19608E-40 1.20392E-40
1.07978E+03  4.68617E-40 8.65851E-40 2.04862E-40 2.25585E-40  4.71517E-40 3.04411E-40 1.29067E-40 1.29924E-40
1.16591E+03  5.05432E-40 9.31216E-40 2.20326E-40 2.42507E-40  5.07321E-40 3.28368E-40 1.39351E-40 1.40288E-40
1.25893E+03  5.45249E-40 1.00167E-39 2.36790E-40 2.60512E-40  5.45585E-40 3.54039E-40 1.50510E-40 1.51536E-40
1.35936E+03  5.88217E-40 1.07742E-39 2.54332E-40 2.79682E-40  5.86533E-40 3.81588E-40 1.62595E-40 1.63720E-40
1.46780E+03  6.34467E-40 1.15865E-39 2.73038E-40 3.00111E-40  6.30428E-40 4.11194E-40 1.75658E-40 1.76890E-40
1.58489E+03  6.84120E-40 1.24550E-39 2.93007E-40 3.21904E-40  6.77561E-40 4.43068E-40 1.89743E-40 1.91096E-40
1.71133E+03  7.37272E-40 1.33807E-39 3.14347E-40 3.45178E-40  7.28265E-40 4.77447E-40 2.04896E-40 2.06381E-40
1.84785E+03  7.93991E-40 1.43639E-39 3.37182E-40 3.70065E-40  7.82922E-40 5.14602E-40 2.21153E-40 2.22784E-40
1.99526E+03  8.54314E-40 1.54046E-39 3.61651E-40 3.96713E-40  8.41964E-40 5.54841E-40 2.38546E-40 2.40337E-40
2.15443E+03  9.18620E-40 1.65086E-39 3.87922E-40 4.25303E-40  9.05995E-40 5.98585E-40 2.57176E-40 2.59143E-40
2.32631E+03  9.87507E-40 1.76854E-39 4.16136E-40 4.55983E-40  9.75523E-40 6.46203E-40 2.77198E-40 2.79360E-40
2.51189E+03  1.06124E-39 1.89388E-39 4.46393E-40 4.88859E-40  1.05086E-39 6.97934E-40 2.98708E-40 3.01086E-40
2.71227E+03  1.14008E-39 2.02721E-39 4.78794E-40 5.24034E-40  1.13229E-39 7.54010E-40 3.21810E-40 3.24426E-40
2.92864E+03  1.22432E-39 2.16890E-39 5.13434E-40 5.61608E-40  1.22009E-39 8.14652E-40 3.46612E-40 3.49491E-40
3.16228E+03  1.31424E-39 2.31929E-39 5.50405E-40 6.01673E-40  1.31452E-39 8.80067E-40 3.73230E-40 3.76399E-40
3.41455E+03  1.41010E-39 2.47872E-39 5.89792E-40 6.44315E-40  1.41576E-39 9.50435E-40 4.01787E-40 4.05277E-40
3.68695E+03  1.51221E-39 2.64751E-39 6.31670E-40 6.89608E-40  1.52398E-39 1.02591E-39 4.32412E-40 4.36256E-40
3.98107E+03  1.62085E-39 2.82596E-39 6.76103E-40 7.37615E-40  1.63927E-39 1.10660E-39 4.65243E-40 4.69478E-40
4.29866E+03  1.73628E-39 3.01438E-39 7.23143E-40 7.88381E-40  1.76163E-39 1.19256E-39 5.00426E-40 5.05091E-40
4.64159E+03  1.85880E-39 3.21301E-39 7.72823E-40 8.41934E-40  1.89098E-39 1.28380E-39 5.38113E-40 5.43252E-40
5.01187E+03  1.98865E-39 3.42210E-39 8.25158E-40 8.98281E-40  2.02713E-39 1.38023E-39 5.78466E-40 5.84128E-40
5.41170E+03  2.12636E-39 3.64229E-39 8.80069E-40 9.57325E-40  2.17025E-39 1.48204E-39 6.21923E-40 6.28162E-40
5.84341E+03  2.27247E-39 3.87427E-39 9.37634E-40 1.01914E-39  2.32096E-39 1.58970E-39 6.68838E-40 6.75715E-40
6.30957E+03  2.42730E-39 4.11829E-39 9.98100E-40 1.08398E-39  2.47982E-39 1.70366E-39 7.19279E-40 7.26860E-40
6.81292E+03  2.59115E-39 4.37461E-39 1.06176E-39 1.15216E-39  2.64744E-39 1.82443E-39 7.73274E-40 7.81628E-40
7.35642E+03  2.76432E-39 4.64339E-39 1.12895E-39 1.22403E-39  2.82454E-39 1.95259E-39 8.30800E-40 8.39998E-40
7.94328E+03  2.94706E-39 4.92479E-39 1.20008E-39 1.30001E-39  3.01196E-39 2.08879E-39 8.91770E-40 9.01887E-40
8.57696E+03  3.13961E-39 5.21887E-39 1.27561E-39 1.38059E-39  3.21065E-39 2.23378E-39 9.56028E-40 9.67137E-40
9.26119E+03  3.34218E-39 5.52566E-39 1.35608E-39 1.46633E-39  3.42167E-39 2.38844E-39 1.02333E-39 1.03551E-39
1.00000E+04  3.55492E-39 5.84508E-39 1.44211E-39 1.55789E-39  3.64627E-39 2.55373E-39 1.09334E-39 1.10666E-39
1.07978E+04  3.77806E-39 6.17719E-39 1.53446E-39 1.65606E-39  3.88543E-39 2.73047E-39 1.16579E-39 1.18032E-39
1.16591E+04  4.01211E-39 6.52244E-39 1.63350E-39 1.76122E-39  4.13957E-39 2.91909E-39 1.24088E-39 1.25670E-39
1.25893E+04  4.25762E-39 6.88140E-39 1.73929E-39 1.87341E-39  4.40917E-39 3.12010E-39 1.31896E-39 1.33614E-39
1.35936E+04  4.51522E-39 7.25470E-39 1.85182E-39 1.99257E-39  4.69468E-39 3.33394E-39 1.40047E-39 1.41910E-39
1.46780E+04  4.78557E-39 7.64306E-39 1.97096E-39 2.11858E-39  4.99646E-39 3.56105E-39 1.48596E-39 1.50613E-39
1.58489E+04  5.06945E-39 8.04726E-39 2.09651E-39 2.25115E-39  5.31481E-39 3.80180E-39 1.57606E-39 1.59789E-39
1.71133E+04  5.36839E-39 8.46746E-39 2.22811E-39 2.38990E-39  5.64938E-39 4.05705E-39 1.67158E-39 1.69516E-39
1.84785E+04  5.68443E-39 8.90351E-39 2.36528E-39 2.53426E-39  5.99943E-39 4.32788E-39 1.77342E-39 1.79891E-39
1.99526E+04  6.01687E-39 9.35823E-39 2.50734E-39 2.68352E-39  6.36618E-39 4.61318E-39 1.88270E-39 1.91022E-39
2.15443E+04  6.36689E-39 9.83268E-39 2.65479E-39 2.83817E-39  6.75034E-39 4.91384E-39 2.00002E-39 2.02975E-39
2.32631E+04  6.73525E-39 1.03276E-38 2.80894E-39 2.99959E-39  7.15359E-39 5.23122E-39 2.12537E-39 2.15746E-39
2.51189E+04  7.12261E-39 1.08435E-38 2.97002E-39 3.16800E-39  7.57685E-39 5.56621E-39 2.25907E-39 2.29368E-39
2.71227E+04  7.52955E-39 1.13807E-38 3.13826E-39 3.34363E-39  8.02113E-39 5.91976E-39 2.40141E-39 2.43872E-39
2.92864E+04  7.95668E-39 1.19398E-38 3.31392E-39 3.52672E-39  8.48751E-39 6.29292E-39 2.55268E-39 2.59286E-39
3.16228E+04  8.40458E-39 1.25209E-38 3.49726E-39 3.71752E-39  8.97717E-39 6.68676E-39 2.71312E-39 2.75633E-39
3.41455E+04  8.87379E-39 1.31245E-38 3.68856E-39 3.91631E-39  9.49132E-39 7.10250E-39 2.88290E-39 2.92933E-39
3.68695E+04  9.36482E-39 1.37508E-38 3.88810E-39 4.12335E-39  1.00313E-38 7.54139E-39 3.06218E-39 3.11199E-39
3.98107E+04  9.87813E-39 1.43999E-38 4.09618E-39 4.33893E-39  1.05986E-38 8.00480E-39 3.25103E-39 3.30439E-39
4.29866E+04  1.04141E-38 1.50720E-38 4.31312E-39 4.56338E-39  1.11948E-38 8.49422E-39 3.44943E-39 3.50651E-39
4.64159E+04  1.09732E-38 1.57671E-38 4.53925E-39 4.79701E-39  1.18216E-38 9.01120E-39 3.65729E-39 3.71824E-39
5.01187E+04  1.15552E-38 1.64857E-38 4.77493E-39 5.04016E-39  1.24810E-38 9.55718E-39 3.87442E-39 3.93940E-39
5.41170E+04  1.21599E-38 1.72246E-38 5.02007E-39 5.29273E-39  1.31781E-38 1.01376E-38 4.10196E-39 4.17112E-39
5.84341E+04  1.27866E-38 1.79837E-38 5.27454E-39 5.55455E-39  1.39166E-38 1.07549E-38 4.34119E-39 4.41471E-39
6.30957E+04  1.34368E-38 1.87647E-38 5.53855E-39 5.82583E-39  1.46951E-38 1.14085E-38 4.59227E-39 4.67031E-39
6.81292E+04  1.41117E-38 1.95702E-38 5.81234E-39 6.10677E-39  1.55118E-38 1.20969E-38 4.85527E-39 4.93799E-39
7.35642E+04  1.48145E-38 2.04015E-38 6.09613E-39 6.39760E-39  1.63632E-38 1.28189E-38 5.13019E-39 5.21774E-39
7.94328E+04  1.55469E-38 2.12619E-38 6.39013E-39 6.69852E-39  1.72457E-38 1.35716E-38 5.41695E-39 5.50947E-39
8.57696E+04  1.63110E-38 2.21550E-38 6.69460E-39 7.00976E-39  1.81551E-38 1.43508E-38 5.71538E-39 5.81298E-39
9.26119E+04  1.71108E-38 2.30831E-38 7.00976E-39 7.33156E-39  1.90845E-38 1.51532E-38 6.02519E-39 6.12798E-39
1.00000E+05  1.79491E-38 2.40509E-38 7.33586E-39 7.66414E-39  2.00274E-38 1.59726E-38 6.34597E-39 6.45403E-39
1.07978E+05  1.88289E-38 2.50626E-38 7.67192E-39 8.00648E-39  2.09787E-38 1.68047E-38 6.67731E-39 6.79072E-39
1.16591E+05  1.97521E-38 2.61177E-38 8.01736E-39 8.35794E-39  2.19401E-38 1.76521E-38 7.01960E-39 7.13842E-39
1.25893E+05  2.07172E-38 2.72164E-38 8.37310E-39 8.71947E-39  2.29170E-38 1.85177E-38 7.37362E-39 7.49790E-39
1.35936E+05  2.17248E-38 2.83560E-38 8.74021E-39 9.09219E-39  2.39140E-38 1.94069E-38 7.74028E-39 7.87009E-39
1.46780E+05  2.27729E-38 2.95352E-38 9.11994E-39 9.47736E-39  2.49384E-38 2.03249E-38 8.12064E-39 8.25604E-39
1.58489E+05  2.38600E-38 3.07515E-38 9.51371E-39 9.87645E-39  2.59983E-38 2.12783E-38 8.51592E-39 8.65700E-39
1.71133E+05  2.49845E-38 3.20016E-38 9.92315E-39 1.02911E-38  2.71024E-38 2.22752E-38 8.92754E-39 9.07437E-39
1.84785E+05  2.61432E-38 3.32822E-38 1.03501E-38 1.07233E-38  2.82620E-38 2.33243E-38 9.35708E-39 9.50976E-39
1.99526E+05  2.73331E-38 3.45890E-38 1.07966E-38 1.11750E-38  2.94889E-38 2.44364E-38 9.80637E-39 9.96501E-39
2.15443E+05  2.85535E-38 3.59194E-38 1.12627E-38 1.16463E-38  3.07874E-38 2.56163E-38 1.02778E-38 1.04425E-38
2.32631E+05  2.98063E-38 3.72781E-38 1.17472E-38 1.21359E-38  3.21530E-38 2.68596E-38 1.07725E-38 1.09435E-38
2.51189E+05  3.10947E-38 3.86669E-38 1.22508E-38 1.26446E-38  3.35856E-38 2.81680E-38 1.12907E-38 1.14679E-38
2.71227E+05  3.24206E-38 4.00897E-38 1.27745E-38 1.31732E-38  3.50858E-38 2.95411E-38 1.18319E-38 1.20157E-38
2.92864E+05  3.37875E-38 4.15501E-38 1.33190E-38 1.37226E-38  3.66529E-38 3.09794E-38 1.23961E-38 1.25863E-38
3.16228E+05  3.51994E-38 4.30516E-38 1.38855E-38 1.42939E-38  3.82857E-38 3.24831E-38 1.29825E-38 1.31792E-38
3.41455E+05  3.66596E-38 4.45999E-38 1.44748E-38 1.48880E-38  3.99834E-38 3.40506E-38 1.35903E-38 1.37937E-38
3.68695E+05  3.81732E-38 4.61997E-38 1.50881E-38 1.55060E-38  4.17434E-38 3.56809E-38 1.42186E-38 1.44285E-38
3.98107E+05  3.97455E-38 4.78566E-38 1.57265E-38 1.61490E-38  4.35629E-38 3.73723E-38 1.48660E-38 1.50823E-38
4.29866E+05  4.13818E-38 4.95778E-38 1.63912E-38 1.68183E-38  4.54388E-38 3.91214E-38 1.55307E-38 1.57534E-38
4.64159E+05  4.30886E-38 5.13703E-38 1.70835E-38 1.75151E-38  4.73665E-38 4.09250E-38 1.62109E-38 1.64399E-38
5.01187E+05  4.48738E-38 5.32417E-38 1.78047E-38 1.82409E-38  4.93405E-38 4.27792E-38 1.69041E-38 1.71392E-38
5.41170E+05  4.67402E-38 5.51960E-38 1.85600E-38 1.90007E-38  5.13640E-38 4.46857E-38 1.76031E-38 1.78441E-38
5.84341E+05  4.86864E-38 5.72308E-38 1.93523E-38 1.97977E-38  5.34438E-38 4.66510E-38 1.83057E-38 1.85522E-38
6.30957E+05  5.07120E-38 5.93451E-38 2.01804E-38 2.06305E-38  5.55816E-38 4.86770E-38 1.90168E-38 1.92685E-38
6.81292E+05  5.28166E-38 6.15366E-38 2.10425E-38 2.14973E-38  5.77793E-38 5.07662E-38 1.97421E-38 1.99989E-38
7.35642E+05  5.49979E-38 6.38039E-38 2.19363E-38 2.23956E-38  6.00398E-38 5.29202E-38 2.04885E-38 2.07503E-38
7.94328E+05  5.72542E-38 6.61438E-38 2.28589E-38 2.33226E-38  6.23653E-38 5.51416E-38 2.12638E-38 2.15306E-38
8.57696E+05  5.95823E-38 6.85529E-38 2.38071E-38 2.42749E-38  6.47588E-38 5.74330E-38 2.20768E-38 2.23488E-38
9.26119E+05  6.19789E-38 7.10268E-38 2.47765E-38 2.52481E-38  6.72230E-38 5.97976E-38 2.29379E-38 2.32151E-38
1.00000E+06  6.44397E-38 7.35603E-38 2.57626E-38 2.62374E-38  6.97614E-38 6.22386E-38 2.38586E-38 2.41414E-38
1.07978E+06  6.69708E-38 7.61599E-38 2.67647E-38 2.72425E-38  7.23695E-38 6.47522E-38 2.48514E-38 2.51402E-38
1.16591E+06  6.95813E-38 7.88369E-38 2.77873E-38 2.82675E-38  7.50434E-38 6.73345E-38 2.59176E-38 2.62127E-38
1.25893E+06  7.22717E-38 8.15911E-38 2.88320E-38 2.93145E-38  7.77873E-38 6.99900E-38 2.70519E-38 2.73537E-38
1.35936E+06  7.50423E-38 8.44224E-38 2.99012E-38 3.03858E-38  8.06062E-38 7.27233E-38 2.82476E-38 2.85563E-38
1.46780E+06  7.78929E-38 8.73305E-38 3.09974E-38 3.14837E-38  8.35057E-38 7.55391E-38 2.94966E-38 2.98122E-38
1.58489E+06  8.08229E-38 9.03152E-38 3.21235E-38 3.26113E-38  8.64919E-38 7.84433E-38 3.07885E-38 3.11110E-38
1.71133E+06  8.38321E-38 9.33751E-38 3.32826E-38 3.37719E-38  8.95712E-38 8.14427E-38 3.21111E-38 3.24403E-38
1.84785E+06  8.69192E-38 9.65098E-38 3.44784E-38 3.49691E-38  9.27513E-38 8.45440E-38 3.34500E-38 3.37854E-38
1.99526E+06  9.00835E-38 9.97173E-38 3.57150E-38 3.62071E-38  9.60405E-38 8.77549E-38 3.47882E-38 3.51293E-38
2.15443E+06  9.33148E-38 1.02987E-37 3.69909E-38 3.74841E-38  9.94405E-38 9.10769E-38 3.61242E-38 3.64706E-38
2.32631E+06  9.66075E-38 1.06313E-37 3.83016E-38 3.87960E-38  1.02947E-37 9.45081E-38 3.74728E-38 3.78240E-38
2.51189E+06  9.99689E-38 1.09703E-37 3.96490E-38 4.01444E-38  1.06565E-37 9.80510E-38 3.88377E-38 3.91934E-38
2.71227E+06  1.03408E-37 1.13167E-37 4.10351E-38 4.15313E-38  1.10297E-37 1.01709E-37 4.02234E-38 4.05833E-38
2.92864E+06  1.06935E-37 1.16716E-37 4.24618E-38 4.29588E-38  1.14146E-37 1.05487E-37 4.16349E-38 4.19988E-38
3.16228E+06  1.10559E-37 1.20362E-37 4.39314E-38 4.44292E-38  1.18118E-37 1.09386E-37 4.30784E-38 4.34462E-38
3.41455E+06  1.14295E-37 1.24117E-37 4.54465E-38 4.59450E-38  1.22213E-37 1.13413E-37 4.45608E-38 4.49322E-38
3.68695E+06  1.18156E-37 1.27997E-37 4.70097E-38 4.75088E-38  1.26438E-37 1.17570E-37 4.60897E-38 4.64647E-38
3.98107E+06  1.22156E-37 1.32018E-37 4.86238E-38 4.91237E-38  1.30797E-37 1.21861E-37 4.76740E-38 4.80525E-38
4.29866E+06  1.26313E-37 1.36197E-37 5.02922E-38 5.07926E-38  1.35293E-37 1.26290E-37 4.93233E-38 4.97056E-38
4.64159E+06  1.30645E-37 1.40555E-37 5.20182E-38 5.25191E-38  1.39930E-37 1.30863E-37 5.10489E-38 5.14348E-38
5.01187E+06  1.35174E-37 1.45113E-37 5.38054E-38 5.43070E-38  1.44715E-37 1.35583E-37 5.28626E-38 5.32525E-38
5.41170E+06  1.39898E-37 1.49869E-37 5.56542E-38 5.61566E-38  1.49666E-37 1.40470E-37 5.47695E-38 5.51634E-38
5.84341E+06  1.44807E-37 1.54812E-37 5.75638E-38 5.80668E-38  1.54794E-37 1.45534E-37 5.67643E-38 5.71624E-38
6.30957E+06  1.49907E-37 1.59949E-37 5.95355E-38 6.00392E-38  1.60092E-37 1.50769E-37 5.88436E-38 5.92460E-38
6.81292E+06  1.55204E-37 1.65283E-37 6.15707E-38 6.20751E-38  1.65552E-37 1.56166E-37 6.10034E-38 6.14101E-38
7.35642E+06  1.60704E-37 1.70823E-37 6.36708E-38 6.41759E-38  1.71162E-37 1.61716E-37 6.32384E-38 6.36494E-38
7.94328E+06  1.66413E-37 1.76572E-37 6.58371E-38 6.63428E-38  1.76910E-37 1.67407E-37 6.55424E-38 6.59575E-38
8.57696E+06  1.72337E-37 1.82539E-37 6.80709E-38 6.85772E-38  1.82781E-37 1.73225E-37 6.79079E-38 6.83270E-38
9.26119E+06  1.78483E-37 1.88728E-37 7.03735E-38 7.08805E-38  1.88759E-37 1.79154E-37 7.03260E-38 7.07489E-38
1.00000E+07  1.84855E-37 1.95145E-37 7.27462E-38 7.32538E-38  1.94824E-37 1.85176E-37 7.27868E-38 7.32132E-38
1.07978E+07  1.91525E-37 2.01864E-37 7.51987E-38 7.57068E-38  2.00935E-37 1.91250E-37 7.52964E-38 7.57261E-38
1.16591E+07  1.98544E-37 2.08937E-37 7.77382E-38 7.82470E-38  2.07081E-37 1.97369E-37 7.78689E-38 7.83018E-38
1.25893E+07  2.05884E-37 2.16337E-37 8.03623E-38 8.08718E-38  2.13300E-37 2.03564E-37 8.05049E-38 8.09408E-38
1.35936E+07  2.13512E-37 2.24026E-37 8.30678E-38 8.35780E-38  2.19630E-37 2.09875E-37 8.32049E-38 8.36437E-38
1.46780E+07  2.21390E-37 2.31965E-37 8.58507E-38 8.63615E-38  2.26115E-37 2.16342E-37 8.59694E-38 8.64109E-38
1.58489E+07  2.29472E-37 2.40104E-37 8.87062E-38 8.92176E-38  2.32805E-37 2.23015E-37 8.87989E-38 8.92429E-38
1.71133E+07  2.37703E-37 2.48388E-37 9.16290E-38 9.21408E-38  2.39756E-37 2.29946E-37 9.16935E-38 9.21400E-38
1.84785E+07  2.46023E-37 2.56752E-37 9.46124E-38 9.51246E-38  2.47028E-37 2.37193E-37 9.46538E-38 9.51026E-38
1.99526E+07  2.54362E-37 2.65123E-37 9.76493E-38 9.81615E-38  2.54690E-37 2.44824E-37 9.76800E-38 9.81308E-38
2.15443E+07  2.62717E-37 2.73502E-37 1.00722E-37 1.01234E-37  2.62798E-37 2.52893E-37 1.00752E-37 1.01204E-37
2.32631E+07  2.71156E-37 2.81957E-37 1.03824E-37 1.04335E-37  2.71350E-37 2.61400E-37 1.03852E-37 1.04306E-37
2.51189E+07  2.79692E-37 2.90505E-37 1.06966E-37 1.07477E-37  2.80332E-37 2.70330E-37 1.06994E-37 1.07449E-37
2.71227E+07  2.88346E-37 2.99164E-37 1.10162E-37 1.10672E-37  2.89723E-37 2.79667E-37 1.10189E-37 1.10646E-37
2.92864E+07  2.97138E-37 3.07957E-37 1.13428E-37 1.13937E-37  2.99500E-37 2.89386E-37 1.13454E-37 1.13911E-37
3.16228E+07  3.06092E-37 3.16909E-37 1.16779E-37 1.17287E-37  3.09635E-37 2.99461E-37 1.16804E-37 1.17262E-37
3.41455E+07  3.15234E-37 3.26047E-37 1.20235E-37 1.20742E-37  3.20092E-37 3.09860E-37 1.20259E-37 1.20718E-37
3.68695E+07  3.24594E-37 3.35403E-37 1.23816E-37 1.24322E-37  3.30832E-37 3.20543E-37 1.23839E-37 1.24299E-37
3.98107E+07  3.34206E-37 3.45010E-37 1.27544E-37 1.28051E-37  3.41808E-37 3.31465E-37 1.27567E-37 1.28028E-37
4.29866E+07  3.44105E-37 3.54905E-37 1.31446E-37 1.31952E-37  3.52967E-37 3.42575E-37 1.31468E-37 1.31931E-37
4.64159E+07  3.54333E-37 3.65131E-37 1.35549E-37 1.36056E-37  3.64248E-37 3.53814E-37 1.35570E-37 1.36035E-37
5.01187E+07  3.64934E-37 3.75733E-37 1.39884E-37 1.40391E-37  3.75584E-37 3.65116E-37 1.39905E-37 1.40371E-37
5.41170E+07  3.75874E-37 3.86675E-37 1.44546E-37 1.45054E-37  3.86965E-37 3.76473E-37 1.44566E-37 1.45035E-37
5.84341E+07  3.87101E-37 3.97904E-37 1.49571E-37 1.50080E-37  3.98449E-37 3.87937E-37 1.49589E-37 1.50062E-37
6.30957E+07  3.98626E-37 4.09430E-37 1.54910E-37 1.55423E-37  4.10070E-37 3.99544E-37 1.54929E-37 1.55405E-37
6.81292E+07  4.10457E-37 4.21262E-37 1.60510E-37 1.61026E-37  4.21869E-37 4.11332E-37 1.60528E-37 1.61008E-37
7.35642E+07  4.22605E-37 4.33411E-37 1.66305E-37 1.66823E-37  4.33889E-37 4.23346E-37 1.66322E-37 1.66806E-37
7.94328E+07  4.35081E-37 4.45889E-37 1.72218E-37 1.72739E-37  4.46183E-37 4.35632E-37 1.72235E-37 1.72722E-37
8.57696E+07  4.47896E-37 4.58706E-37 1.78162E-37 1.78685E-37  4.58806E-37 4.48247E-37 1.78179E-37 1.78669E-37
9.26119E+07  4.61062E-37 4.71875E-37 1.84039E-37 1.84564E-37  4.71818E-37 4.61252E-37 1.84055E-37 1.84548E-37
1.00000E+08  4.74593E-37 4.85407E-37 1.89738E-37 1.90262E-37  4.85288E-37 4.74712E-37 1.89753E-37 1.90247E-37
1.07978E+08  4.88482E-37 4.99298E-37 1.95220E-37 1.95745E-37  4.99183E-37 4.88597E-37 1.95235E-37 1.95730E-37
1.16591E+08  5.02727E-37 5.13545E-37 2.00562E-37 2.01085E-37  5.13434E-37 5.02838E-37 2.00576E-37 2.01071E-37
1.25893E+08  5.17346E-37 5.28164E-37 2.05817E-37 2.06338E-37  5.28058E-37 5.17452E-37 2.05831E-37 2.06325E-37
1.35936E+08  5.32356E-37 5.43176E-37 2.11048E-37 2.11567E-37  5.43074E-37 5.32458E-37 2.11061E-37 2.11554E-37
1.46780E+08  5.47778E-37 5.58601E-37 2.16324E-37 2.16841E-37  5.58502E-37 5.47877E-37 2.16336E-37 2.16828E-37
1.58489E+08  5.63634E-37 5.74459E-37 2.21722E-37 2.22237E-37  5.74364E-37 5.63728E-37 2.21734E-37 2.22225E-37
1.71133E+08  5.79945E-37 5.90775E-37 2.27328E-37 2.27840E-37  5.90683E-37 5.80037E-37 2.27339E-37 2.27829E-37
1.84785E+08  5.96738E-37 6.07572E-37 2.33234E-37 2.33744E-37  6.07484E-37 5.96826E-37 2.33244E-37 2.33733E-37
1.99526E+08  6.14037E-37 6.24877E-37 2.39543E-37 2.40052E-37  6.24792E-37 6.14122E-37 2.39553E-37 2.40042E-37
2.15443E+08  6.31914E-37 6.42760E-37 2.46265E-37 2.46774E-37  6.42678E-37 6.31995E-37 2.46275E-37 2.46764E-37
2.32631E+08  6.50417E-37 6.61274E-37 2.53323E-37 2.53831E-37  6.61196E-37 6.50496E-37 2.53332E-37 2.53822E-37
2.51189E+08  6.69536E-37 6.80404E-37 2.60710E-37 2.61219E-37  6.80329E-37 6.69611E-37 2.60719E-37 2.61209E-37
2.71227E+08  6.89253E-37 7.00134E-37 2.68419E-37 2.68928E-37  7.00063E-37 6.89325E-37 2.68428E-37 2.68919E-37
2.92864E+08  7.09548E-37 7.20445E-37 2.76441E-37 2.76951E-37  7.20375E-37 7.09618E-37 2.76450E-37 2.76942E-37
3.16228E+08  7.30398E-37 7.41310E-37 2.84764E-37 2.85274E-37  7.41243E-37 7.30465E-37 2.84772E-37 2.85266E-37
3.41455E+08  7.51775E-37 7.62702E-37 2.93374E-37 2.93885E-37  7.62637E-37 7.51840E-37 2.93382E-37 2.93878E-37
3.68695E+08  7.73647E-37 7.84586E-37 3.02255E-37 3.02767E-37  7.84524E-37 7.73708E-37 3.02263E-37 3.02760E-37
3.98107E+08  7.95975E-37 8.06925E-37 3.11387E-37 3.11900E-37  8.06866E-37 7.96034E-37 3.11394E-37 3.11892E-37
4.29866E+08  8.18716E-37 8.29676E-37 3.20747E-37 3.21261E-37  8.29619E-37 8.18773E-37 3.20754E-37 3.21254E-37
4.64159E+08  8.41824E-37 8.52790E-37 3.30310E-37 3.30824E-37  8.52735E-37 8.41879E-37 3.30317E-37 3.30818E-37
5.01187E+08  8.65243E-37 8.76212E-37 3.40046E-37 3.40561E-37  8.76160E-37 8.65296E-37 3.40052E-37 3.40554E-37
5.41170E+08  8.88884E-37 8.99852E-37 3.50016E-37 3.50532E-37  8.99801E-37 8.88934E-37 3.50022E-37 3.50526E-37
5.84341E+08  9.12752E-37 9.23714E-37 3.60290E-37 3.60806E-37  9.23665E-37 9.12800E-37 3.60296E-37 3.60800E-37
6.30957E+08  9.36931E-37 9.47885E-37 3.70858E-37 3.71375E-37  9.47838E-37 9.36978E-37 3.70864E-37 3.71369E-37
6.81292E+08  9.61516E-37 9.72459E-37 3.81711E-37 3.82228E-37  9.72414E-37 9.61561E-37 3.81716E-37 3.82223E-37
7.35642E+08  9.86611E-37 9.97541E-37 3.92836E-37 3.93354E-37  9.97498E-37 9.86654E-37 3.92841E-37 3.93349E-37
7.94328E+08  1.01233E-36 1.02325E-36 4.04219E-37 4.04738E-37  1.02321E-36 1.01237E-36 4.04224E-37 4.04733E-37
8.57696E+08  1.03880E-36 1.04971E-36 4.15843E-37 4.16363E-37  1.04967E-36 1.03884E-36 4.15848E-37 4.16358E-37
9.26119E+08  1.06615E-36 1.07706E-36 4.27691E-37 4.28211E-37  1.07702E-36 1.06619E-36 4.27696E-37 4.28206E-37
1.00000E+09  1.09455E-36 1.10545E-36 4.39740E-37 4.40260E-37  1.10541E-36 1.09459E-36 4.39744E-37 4.40256E-37
1.07978E+09  1.12405E-36 1.13495E-36 4.51991E-37 4.52512E-37  1.13492E-36 1.12408E-36 4.51996E-37 4.52507E-37
1.16591E+09  1.15459E-36 1.16550E-36 4.64468E-37 4.64989E-37  1.16547E-36 1.15463E-36 4.64472E-37 4.64985E-37
1.25893E+09  1.18614E-36 1.19705E-36 4.77183E-37 4.77703E-37  1.19702E-36 1.18617E-36 4.77187E-37 4.77699E-37
1.35936E+09  1.21864E-36 1.22956E-36 4.90148E-37 4.90669E-37  1.22953E-36 1.21867E-36 4.90152E-37 4.90665E-37
1.46780E+09  1.25205E-36 1.26298E-36 5.03379E-37 5.03900E-37  1.26295E-36 1.25208E-36 5.03383E-37 5.03896E-37
1.58489E+09  1.28631E-36 1.29725E-36 5.16891E-37 5.17411E-37  1.29722E-36 1.28633E-36 5.16895E-37 5.17408E-37
1.71133E+09  1.32134E-36 1.33228E-36 5.30701E-37 5.31221E-37  1.33226E-36 1.32136E-36 5.30704E-37 5.31217E-37
1.84785E+09  1.35706E-36 1.36801E-36 5.44826E-37 5.45346E-37  1.36799E-36 1.35709E-36 5.44829E-37 5.45343E-37
1.99526E+09  1.39339E-36 1.40435E-36 5.59288E-37 5.59807E-37  1.40432E-36 1.39341E-36 5.59291E-37 5.59804E-37
2.15443E+09  1.43032E-36 1.44128E-36 5.74060E-37 5.74580E-37  1.44126E-36 1.43034E-36 5.74063E-37 5.74577E-37
2.32631E+09  1.46795E-36 1.47891E-36 5.89112E-37 5.89631E-37  1.47889E-36 1.46797E-36 5.89115E-37 5.89628E-37
2.51189E+09  1.50633E-36 1.51728E-36 6.04463E-37 6.04981E-37  1.51727E-36 1.50634E-36 6.04465E-37 6.04979E-37
2.71227E+09  1.54551E-36 1.55646E-36 6.20134E-37 6.20653E-37  1.55644E-36 1.54553E-36 6.20138E-37 6.20649E-37
2.92864E+09  1.58554E-36 1.59650E-36 6.36150E-37 6.36668E-37  1.59648E-36 1.58556E-36 6.36152E-37 6.36666E-37
3.16228E+09  1.62651E-36 1.63747E-36 6.52536E-37 6.53054E-37  1.63745E-36 1.62653E-36 6.52538E-37 6.53052E-37
3.41455E+09  1.66847E-36 1.67943E-36 6.69320E-37 6.69838E-37  1.67941E-36 1.66849E-36 6.69322E-37 6.69836E-37
3.68695E+09  1.71150E-36 1.72246E-36 6.86532E-37 6.87050E-37  1.72244E-36 1.71151E-36 6.86535E-37 6.87048E-37
3.98107E+09  1.75568E-36 1.76664E-36 7.04205E-37 7.04722E-37  1.76662E-36 1.75569E-36 7.04207E-37 7.04720E-37
4.29866E+09  1.80110E-36 1.81206E-36 7.22373E-37 7.22890E-37  1.81204E-36 1.80111E-36 7.22375E-37 7.22887E-37
4.64159E+09  1.84785E-36 1.85881E-36 7.41073E-37 7.41590E-37  1.85879E-36 1.84786E-36 7.41075E-37 7.41588E-37
5.01187E+09  1.89603E-36 1.90700E-36 7.60346E-37 7.60863E-37  1.90698E-36 1.89604E-36 7.60348E-37 7.60861E-37
5.41170E+09  1.94577E-36 1.95674E-36 7.80243E-37 7.80759E-37  1.95673E-36 1.94578E-36 7.80245E-37 7.80757E-37
5.84341E+09  1.99708E-36 2.00806E-36 8.00769E-37 8.01286E-37  2.00805E-36 1.99709E-36 8.00771E-37 8.01285E-37
6.30957E+09  2.04991E-36 2.06091E-36 8.21904E-37 8.22422E-37  2.06090E-36 2.04992E-36 8.21906E-37 8.22420E-37
6.81292E+09  2.10420E-36 2.11520E-36 8.43622E-37 8.44140E-37  2.11519E-36 2.10421E-36 8.43624E-37 8.44138E-37
7.35642E+09  2.15987E-36 2.17089E-36 8.65892E-37 8.66410E-37  2.17088E-36 2.15988E-36 8.65894E-37 8.66409E-37
7.94328E+09  2.21683E-36 2.22787E-36 8.88681E-37 8.89199E-37  2.22786E-36 2.21684E-36 8.88682E-37 8.89198E-37
8.57696E+09  2.27500E-36 2.28604E-36 9.11948E-37 9.12467E-37  2.28603E-36 2.27501E-36 9.11950E-37 9.12466E-37
9.26119E+09  2.33425E-36 2.34530E-36 9.35652E-37 9.36170E-37  2.34529E-36 2.33426E-36 9.35653E-37 9.36169E-37
1.00000E+10  2.39447E-36 2.40553E-36 9.59741E-37 9.60259E-37  2.40552E-36 2.39448E-36 9.59742E-37 9.60258E-37
1.07978E+10  2.45594E-36 2.46701E-36 9.84226E-37 9.84745E-37  2.46700E-36 2.45595E-36 9.84227E-37 9.84744E-37
1.16591E+10  2.51898E-36 2.53005E-36 1.00917E-36 1.00969E-36  2.53005E-36 2.51899E-36 1.00917E-36 1.00969E-36
1.25893E+10  2.58347E-36 2.59454E-36 1.03459E-36 1.03511E-36  2.59454E-36 2.58347E-36 1.03459E-36 1.03511E-36
1.35936E+10  2.64927E-36 2.66035E-36 1.06052E-36 1.06104E-36  2.66034E-36 2.64927E-36 1.06053E-36 1.06104E-36
1.46780E+10  2.71624E-36 2.72732E-36 1.08699E-36 1.08751E-36  2.72732E-36 2.71624E-36 1.08699E-36 1.08751E-36
1.58489E+10  2.78421E-36 2.79530E-36 1.11402E-36 1.11454E-36  2.79530E-36 2.78422E-36 1.11402E-36 1.11454E-36
1.71133E+10  2.85302E-36 2.86411E-36 1.14165E-36 1.14217E-36  2.86410E-36 2.85302E-36 1.14165E-36 1.14217E-36
1.84785E+10  2.92245E-36 2.93353E-36 1.16991E-36 1.17043E-36  2.93353E-36 2.92246E-36 1.16991E-36 1.17043E-36
1.99526E+10  2.99230E-36 3.00337E-36 1.19884E-36 1.19935E-36  3.00337E-36 2.99230E-36 1.19884E-36 1.19935E-36
2.15443E+10  3.06232E-36 3.07338E-36 1.22838E-36 1.22890E-36  3.07337E-36 3.06232E-36 1.22839E-36 1.22890E-36
2.32631E+10  3.13252E-36 3.14356E-36 1.25849E-36 1.25901E-36  3.14356E-36 3.13252E-36 1.25849E-36 1.25901E-36
2.51189E+10  3.20310E-36 3.21412E-36 1.28920E-36 1.28972E-36  3.21411E-36 3.20310E-36 1.28920E-36 1.28972E-36
2.71227E+10  3.27426E-36 3.28525E-36 1.32056E-36 1.32107E-36  3.28525E-36 3.27426E-36 1.32056E-36 1.32107E-36
2.92864E+10  3.34624E-36 3.35720E-36 1.35260E-36 1.35311E-36  3.35720E-36 3.34625E-36 1.35260E-36 1.35311E-36
3.16228E+10  3.41930E-36 3.43023E-36 1.38538E-36 1.38590E-36  3.43023E-36 3.41930E-36 1.38538E-36 1.38590E-36
3.41455E+10  3.49370E-36 3.50460E-36 1.41896E-36 1.41948E-36  3.50460E-36 3.49370E-36 1.41896E-36 1.41948E-36
3.68695E+10  3.56975E-36 3.58062E-36 1.45339E-36 1.45391E-36  3.58062E-36 3.56975E-36 1.45339E-36 1.45391E-36
3.98107E+10  3.64778E-36 3.65862E-36 1.48874E-36 1.48925E-36  3.65862E-36 3.64778E-36 1.48874E-36 1.48925E-36
4.29866E+10  3.72812E-36 3.73894E-36 1.52506E-36 1.52558E-36  3.73894E-36 3.72812E-36 1.52506E-36 1.52558E-36
4.64159E+10  3.81117E-36 3.82196E-36 1.56244E-36 1.56296E-36  3.82196E-36 3.81117E-36 1.56244E-36 1.56296E-36
5.01187E+10  3.89732E-36 3.90810E-36 1.60095E-36 1.60147E-36  3.90810E-36 3.89732E-36 1.60095E-36 1.60146E-36
5.41170E+10  3.98660E-36 3.99735E-36 1.64106E-36 1.64157E-36  3.99735E-36 3.98659E-36 1.64106E-36 1.64157E-36
5.84341E+10  4.07869E-36 4.08944E-36 1.68296E-36 1.68347E-36  4.08944E-36 4.07869E-36 1.68296E-36 1.68347E-36
6.30957E+10  4.17354E-36 4.18427E-36 1.72639E-36 1.72690E-36  4.18428E-36 4.17353E-36 1.72639E-36 1.72690E-36
6.81292E+10  4.27105E-36 4.28178E-36 1.77105E-36 1.77156E-36  4.28178E-36 4.27105E-36 1.77105E-36 1.77156E-36
7.35642E+10  4.37113E-36 4.38186E-36 1.81660E-36 1.81712E-36  4.38186E-36 4.37113E-36 1.81660E-36 1.81712E-36
7.94328E+10  4.47368E-36 4.48439E-36 1.86267E-36 1.86319E-36  4.48439E-36 4.47367E-36 1.86267E-36 1.86319E-36
8.57696E+10  4.57854E-36 4.58924E-36 1.90886E-36 1.90938E-36  4.58925E-36 4.57854E-36 1.90886E-36 1.90938E-36
9.26119E+10  4.68559E-36 4.69628E-36 1.95471E-36 1.95523E-36  4.69629E-36 4.68559E-36 1.95471E-36 1.95523E-36
1.00000E+11  4.79466E-36 4.80534E-36 1.99974E-36 2.00026E-36  4.80534E-36 4.79466E-36 1.99974E-36 2.00026E-36
1.07978E+11  4.90655E-36 4.91722E-36 2.04370E-36 2.04421E-36  4.91723E-36 4.90655E-36 2.04370E-36 2.04421E-36
1.16591E+11  5.02196E-36 5.03262E-36 2.08687E-36 2.08739E-36  5.03263E-36 5.02195E-36 2.08687E-36 2.08739E-36
1.25893E+11  5.14050E-36 5.15116E-36 2.12959E-36 2.13010E-36  5.15116E-36 5.14049E-36 2.12959E-36 2.13010E-36
1.35936E+11  5.26176E-36 5.27241E-36 2.17219E-36 2.17270E-36  5.27242E-36 5.26175E-36 2.17219E-36 2.17270E-36
1.46780E+11  5.38527E-36 5.39591E-36 2.21508E-36 2.21558E-36  5.39592E-36 5.38526E-36 2.21508E-36 2.21558E-36
1.58489E+11  5.51052E-36 5.52115E-36 2.25865E-36 2.25916E-36  5.52116E-36 5.51051E-36 2.25865E-36 2.25916E-36
1.71133E+11  5.63694E-36 5.64756E-36 2.30337E-36 2.30387E-36  5.64757E-36 5.63693E-36 2.30337E-36 2.30387E-36
1.84785E+11  5.76392E-36 5.77453E-36 2.34972E-36 2.35022E-36  5.77454E-36 5.76391E-36 2.34972E-36 2.35022E-36
1.99526E+11  5.89080E-36 5.90138E-36 2.39821E-36 2.39871E-36  5.90139E-36 5.89079E-36 2.39821E-36 2.39871E-36
2.15443E+11  6.01809E-36 6.02866E-36 2.44866E-36 2.44916E-36  6.02867E-36 6.01809E-36 2.44866E-36 2.44916E-36
2.32631E+11  6.14692E-36 6.15745E-36 2.50044E-36 2.50094E-36  6.15746E-36 6.14691E-36 2.50044E-36 2.50094E-36
2.51189E+11  6.27720E-36 6.28770E-36 2.55360E-36 2.55409E-36  6.28771E-36 6.27719E-36 2.55360E-36 2.55409E-36
2.71227E+11  6.40883E-36 6.41931E-36 2.60817E-36 2.60866E-36  6.41932E-36 6.40883E-36 2.60817E-36 2.60866E-36
2.92864E+11  6.54176E-36 6.55219E-36 2.66421E-36 2.66470E-36  6.55220E-36 6.54175E-36 2.66421E-36 2.66470E-36
3.16228E+11  6.67586E-36 6.68626E-36 2.72176E-36 2.72225E-36  6.68627E-36 6.67585E-36 2.72176E-36 2.72225E-36
3.41455E+11  6.81105E-36 6.82141E-36 2.78089E-36 2.78137E-36  6.82142E-36 6.81104E-36 2.78089E-36 2.78137E-36
3.68695E+11  6.94721E-36 6.95753E-36 2.84162E-36 2.84211E-36  6.95754E-36 6.94720E-36 2.84162E-36 2.84211E-36
3.98107E+11  7.08424E-36 7.09451E-36 2.90403E-36 2.90452E-36  7.09452E-36 7.08422E-36 2.90403E-36 2.90452E-36
4.29866E+11  7.22200E-36 7.23223E-36 2.96817E-36 2.96866E-36  7.23224E-36 7.22199E-36 2.96818E-36 2.96866E-36
4.64159E+11  7.36038E-36 7.37056E-36 3.03410E-36 3.03459E-36  7.37057E-36 7.36036E-36 3.03410E-36 3.03459E-36
5.01187E+11  7.49923E-36 7.50936E-36 3.10188E-36 3.10236E-36  7.50937E-36 7.49922E-36 3.10188E-36 3.10236E-36
5.41170E+11  7.63842E-36 7.64850E-36 3.17157E-36 3.17205E-36  7.64851E-36 7.63841E-36 3.17157E-36 3.17205E-36
5.84341E+11  7.77780E-36 7.78782E-36 3.24324E-36 3.24372E-36  7.78783E-36 7.77779E-36 3.24324E-36 3.24372E-36
6.30957E+11  7.91722E-36 7.92717E-36 3.31696E-36 3.31744E-36  7.92719E-36 7.91720E-36 3.31696E-36 3.31744E-36
6.81292E+11  8.05650E-36 8.06639E-36 3.39279E-36 3.39327E-36  8.06641E-36 8.05649E-36 3.39279E-36 3.39327E-36
7.35642E+11  8.19550E-36 8.20532E-36 3.47082E-36 3.47130E-36  8.20533E-36 8.19548E-36 3.47082E-36 3.47130E-36
7.94328E+11  8.33401E-36 8.34377E-36 3.55112E-36 3.55160E-36  8.34379E-36 8.33400E-36 3.55112E-36 3.55160E-36
8.57696E+11  8.47188E-36 8.48157E-36 3.63377E-36 3.63425E-36  8.48158E-36 8.47187E-36 3.63377E-36 3.63425E-36
9.26119E+11  8.60892E-36 8.61853E-36 3.71885E-36 3.71933E-36  8.61854E-36 8.60890E-36 3.71885E-36 3.71933E-36
1.00000E+12  8.74492E-36 8.75445E-36 3.80646E-36 3.80693E-36  8.75447E-36 8.74490E-36 3.80646E-36 3.80693E-36
