# CSMS cross-section
#
# Reference:
#    https://arxiv.org/abs/1106.3723
#
#------------------------------------------------------------------------------------------------------------
#  energy                 neutrino xsec (m^2)                            anti-neutrino xsec (m^2)
#  (GeV)         charged-current        neutral-current           charged-current        neutral-current
#              proton      neutron     proton      neutron      proton      neutron     proton      neutron
#------------------------------------------------------------------------------------------------------------
1.00000E+02  6.50000E-41 6.50000E-41 2.00000E-41 2.00000E-41  3.30000E-41 3.30000E-41 1.20000E-41 1.20000E-41
1.12202E+02  7.30053E-41 7.30053E-41 2.25110E-41 2.25110E-41  3.74121E-41 3.74121E-41 1.35883E-41 1.35883E-41
1.25893E+02  8.19572E-41 8.19572E-41 2.53786E-41 2.53786E-41  4.23348E-41 4.23348E-41 1.52818E-41 1.52818E-41
1.41254E+02  9.19679E-41 9.19679E-41 2.86315E-41 2.86315E-41  4.78400E-41 4.78400E-41 1.71100E-41 1.71100E-41
1.58489E+02  1.03163E-40 1.03163E-40 3.22939E-41 3.22939E-41  5.40155E-41 5.40155E-41 1.91170E-41 1.91170E-41
1.77828E+02  1.15686E-40 1.15686E-40 3.63823E-41 3.63823E-41  6.09678E-41 6.09678E-41 2.13657E-41 2.13657E-41
1.99526E+02  1.29695E-40 1.29695E-40 4.09024E-41 4.09024E-41  6.88275E-41 6.88275E-41 2.39427E-41 2.39427E-41
2.23872E+02  1.45377E-40 1.45377E-40 4.58729E-41 4.58729E-41  7.77267E-41 7.77267E-41 2.69045E-41 2.69045E-41
2.51189E+02  1.62934E-40 1.62934E-40 5.13575E-41 5.13575E-41  8.77784E-41 8.77784E-41 3.02586E-41 3.02586E-41
2.81838E+02  1.82574E-40 1.82574E-40 5.74256E-41 5.74256E-41  9.91150E-41 9.91150E-41 3.40481E-41 3.40481E-41
3.16228E+02  2.04525E-40 2.04525E-40 6.41622E-41 6.41622E-41  1.11880E-40 1.11880E-40 3.83185E-41 3.83185E-41
3.54813E+02  2.29034E-40 2.29034E-40 7.16706E-41 7.16706E-41  1.26227E-40 1.26227E-40 4.31165E-41 4.31165E-41
3.98107E+02  2.56373E-40 2.56373E-40 8.00769E-41 8.00769E-41  1.42319E-40 1.42319E-40 4.84894E-41 4.84894E-41
4.46684E+02  2.86835E-40 2.86835E-40 8.95351E-41 8.95351E-41  1.60329E-40 1.60329E-40 5.44839E-41 5.44839E-41
5.01187E+02  3.20735E-40 3.20735E-40 1.00234E-40 1.00234E-40  1.80437E-40 1.80437E-40 6.11442E-41 6.11442E-41
5.62341E+02  3.58365E-40 3.58365E-40 1.12421E-40 1.12421E-40  2.02868E-40 2.02868E-40 6.85087E-41 6.85087E-41
6.30957E+02  4.00105E-40 4.00105E-40 1.26274E-40 1.26274E-40  2.27895E-40 2.27895E-40 7.66578E-41 7.66578E-41
7.07946E+02  4.46477E-40 4.46477E-40 1.41903E-40 1.41903E-40  2.55798E-40 2.55798E-40 8.57129E-41 8.57129E-41
7.94328E+02  4.98088E-40 4.98088E-40 1.59388E-40 1.59388E-40  2.86885E-40 2.86885E-40 9.58239E-41 9.58239E-41
8.91251E+02  5.55651E-40 5.55651E-40 1.78762E-40 1.78762E-40  3.21494E-40 3.21494E-40 1.07176E-40 1.07176E-40
1.00000E+03  6.20000E-40 6.20000E-40 2.00000E-40 2.00000E-40  3.60000E-40 3.60000E-40 1.20000E-40 1.20000E-40
1.12202E+03  6.92285E-40 6.92285E-40 2.23195E-40 2.23195E-40  4.02655E-40 4.02655E-40 1.34551E-40 1.34551E-40
1.25893E+03  7.73461E-40 7.73461E-40 2.48651E-40 2.48651E-40  4.49812E-40 4.49812E-40 1.51023E-40 1.51023E-40
1.41254E+03  8.64134E-40 8.64134E-40 2.76633E-40 2.76633E-40  5.02108E-40 5.02108E-40 1.69590E-40 1.69590E-40
1.58489E+03  9.64811E-40 9.64811E-40 3.07456E-40 3.07456E-40  5.60314E-40 5.60314E-40 1.90420E-40 1.90420E-40
1.77828E+03  1.07585E-39 1.07585E-39 3.41490E-40 3.41490E-40  6.25366E-40 6.25366E-40 2.13662E-40 2.13662E-40
1.99526E+03  1.19739E-39 1.19739E-39 3.79182E-40 3.79182E-40  6.98402E-40 6.98402E-40 2.39442E-40 2.39442E-40
2.23872E+03  1.33062E-39 1.33062E-39 4.21077E-40 4.21077E-40  7.80974E-40 7.80974E-40 2.68038E-40 2.68038E-40
2.51189E+03  1.47756E-39 1.47756E-39 4.67626E-40 4.67626E-40  8.74395E-40 8.74395E-40 2.99897E-40 2.99897E-40
2.81838E+03  1.63925E-39 1.63925E-39 5.19172E-40 5.19172E-40  9.79562E-40 9.79562E-40 3.35363E-40 3.35363E-40
3.16228E+03  1.81676E-39 1.81676E-39 5.76039E-40 5.76039E-40  1.09729E-39 1.09729E-39 3.74815E-40 3.74815E-40
3.54813E+03  2.01114E-39 2.01114E-39 6.38521E-40 6.38521E-40  1.22826E-39 1.22826E-39 4.18664E-40 4.18664E-40
3.98107E+03  2.22341E-39 2.22341E-39 7.06859E-40 7.06859E-40  1.37293E-39 1.37293E-39 4.67361E-40 4.67361E-40
4.46684E+03  2.45452E-39 2.45452E-39 7.81230E-40 7.81230E-40  1.53148E-39 1.53148E-39 5.21394E-40 5.21394E-40
5.01187E+03  2.70537E-39 2.70537E-39 8.61720E-40 8.61720E-40  1.70368E-39 1.70368E-39 5.81297E-40 5.81297E-40
5.62341E+03  2.97757E-39 2.97757E-39 9.48188E-40 9.48188E-40  1.88987E-39 1.88987E-39 6.48218E-40 6.48218E-40
6.30957E+03  3.27279E-39 3.27279E-39 1.04104E-39 1.04104E-39  2.09174E-39 2.09174E-39 7.23070E-40 7.23070E-40
7.07946E+03  3.59199E-39 3.59199E-39 1.14125E-39 1.14125E-39  2.31115E-39 2.31115E-39 8.05983E-40 8.05983E-40
7.94328E+03  3.93592E-39 3.93592E-39 1.25005E-39 1.25005E-39  2.55038E-39 2.55038E-39 8.96829E-40 8.96829E-40
8.91251E+03  4.30516E-39 4.30516E-39 1.36898E-39 1.36898E-39  2.81219E-39 2.81219E-39 9.95134E-40 9.95134E-40
1.00000E+04  4.70000E-39 4.70000E-39 1.50000E-39 1.50000E-39  3.10000E-39 3.10000E-39 1.10000E-39 1.10000E-39
1.12202E+04  5.12091E-39 5.12091E-39 1.64545E-39 1.64545E-39  3.41693E-39 3.41693E-39 1.21057E-39 1.21057E-39
1.25893E+04  5.56951E-39 5.56951E-39 1.80635E-39 1.80635E-39  3.76463E-39 3.76463E-39 1.32755E-39 1.32755E-39
1.41254E+04  6.04785E-39 6.04785E-39 1.98265E-39 1.98265E-39  4.14466E-39 4.14466E-39 1.45237E-39 1.45237E-39
1.58489E+04  6.55835E-39 6.55835E-39 2.17383E-39 2.17383E-39  4.55831E-39 4.55831E-39 1.58697E-39 1.58697E-39
1.77828E+04  7.10382E-39 7.10382E-39 2.37873E-39 2.37873E-39  5.00649E-39 5.00649E-39 1.73390E-39 1.73390E-39
1.99526E+04  7.68755E-39 7.68755E-39 2.59543E-39 2.59543E-39  5.48968E-39 5.48968E-39 1.89646E-39 1.89646E-39
2.23872E+04  8.31314E-39 8.31314E-39 2.82452E-39 2.82452E-39  6.00995E-39 6.00995E-39 2.07712E-39 2.07712E-39
2.51189E+04  8.98305E-39 8.98305E-39 3.06901E-39 3.06901E-39  6.57153E-39 6.57153E-39 2.27638E-39 2.27638E-39
2.81838E+04  9.69904E-39 9.69904E-39 3.32969E-39 3.32969E-39  7.17766E-39 7.17766E-39 2.49528E-39 2.49528E-39
3.16228E+04  1.04628E-38 1.04628E-38 3.60739E-39 3.60739E-39  7.83197E-39 7.83197E-39 2.73472E-39 2.73472E-39
3.54813E+04  1.12757E-38 1.12757E-38 3.90303E-39 3.90303E-39  8.53848E-39 8.53848E-39 2.99540E-39 2.99540E-39
3.98107E+04  1.21390E-38 1.21390E-38 4.21756E-39 4.21756E-39  9.30172E-39 9.30172E-39 3.27771E-39 3.27771E-39
4.46684E+04  1.30537E-38 1.30537E-38 4.55202E-39 4.55202E-39  1.01267E-38 1.01267E-38 3.58168E-39 3.58168E-39
5.01187E+04  1.40204E-38 1.40204E-38 4.90754E-39 4.90754E-39  1.10191E-38 1.10191E-38 3.90691E-39 3.90691E-39
5.62341E+04  1.50360E-38 1.50360E-38 5.28430E-39 5.28430E-39  1.19920E-38 1.19920E-38 4.25576E-39 4.25576E-39
6.30957E+04  1.61007E-38 1.61007E-38 5.68219E-39 5.68219E-39  1.30518E-38 1.30518E-38 4.63129E-39 4.63129E-39
7.07946E+04  1.72210E-38 1.72210E-38 6.10195E-39 6.10195E-39  1.41936E-38 1.41936E-38 5.03380E-39 5.03380E-39
7.94328E+04  1.84044E-38 1.84044E-38 6.54433E-39 6.54433E-39  1.54086E-38 1.54086E-38 5.46321E-39 5.46321E-39
8.91251E+04  1.96603E-38 1.96603E-38 7.01008E-39 7.01008E-39  1.66836E-38 1.66836E-38 5.91898E-39 5.91898E-39
1.00000E+05  2.10000E-38 2.10000E-38 7.50000E-39 7.50000E-39  1.80000E-38 1.80000E-38 6.40000E-39 6.40000E-39
1.12202E+05  2.24349E-38 2.24349E-38 8.01222E-39 8.01222E-39  1.93421E-38 1.93421E-38 6.90510E-39 6.90510E-39
1.25893E+05  2.39668E-38 2.39668E-38 8.54629E-39 8.54629E-39  2.07173E-38 2.07173E-38 7.43576E-39 7.43576E-39
1.41254E+05  2.55923E-38 2.55923E-38 9.10577E-39 9.10577E-39  2.21421E-38 2.21421E-38 7.99497E-39 7.99497E-39
1.58489E+05  2.73058E-38 2.73058E-38 9.69508E-39 9.69508E-39  2.36383E-38 2.36383E-38 8.58646E-39 8.58646E-39
1.77828E+05  2.90990E-38 2.90990E-38 1.03196E-38 1.03196E-38  2.52336E-38 2.52336E-38 9.21483E-39 9.21483E-39
1.99526E+05  3.09610E-38 3.09610E-38 1.09858E-38 1.09858E-38  2.69627E-38 2.69627E-38 9.88569E-39 9.88569E-39
2.23872E+05  3.28854E-38 3.28854E-38 1.16957E-38 1.16957E-38  2.88459E-38 2.88459E-38 1.06061E-38 1.06061E-38
2.51189E+05  3.48808E-38 3.48808E-38 1.24477E-38 1.24477E-38  3.08768E-38 3.08768E-38 1.13793E-38 1.13793E-38
2.81838E+05  3.69568E-38 3.69568E-38 1.32447E-38 1.32447E-38  3.30566E-38 3.30566E-38 1.22047E-38 1.22047E-38
3.16228E+05  3.91255E-38 3.91255E-38 1.40897E-38 1.40897E-38  3.53844E-38 3.53844E-38 1.30809E-38 1.30809E-38
3.54813E+05  4.14012E-38 4.14012E-38 1.49862E-38 1.49862E-38  3.78569E-38 3.78569E-38 1.40053E-38 1.40053E-38
3.98107E+05  4.38011E-38 4.38011E-38 1.59378E-38 1.59378E-38  4.04676E-38 4.04676E-38 1.49741E-38 1.49741E-38
4.46684E+05  4.63453E-38 4.63453E-38 1.69485E-38 1.69485E-38  4.32066E-38 4.32066E-38 1.59819E-38 1.59819E-38
5.01187E+05  4.90577E-38 4.90577E-38 1.80228E-38 1.80228E-38  4.60598E-38 4.60598E-38 1.70217E-38 1.70217E-38
5.62341E+05  5.19534E-38 5.19534E-38 1.91731E-38 1.91731E-38  4.90288E-38 4.90288E-38 1.80756E-38 1.80756E-38
6.30957E+05  5.50285E-38 5.50285E-38 2.04055E-38 2.04055E-38  5.21293E-38 5.21293E-38 1.91426E-38 1.91426E-38
7.07946E+05  5.82794E-38 5.82794E-38 2.17141E-38 2.17141E-38  5.53682E-38 5.53682E-38 2.02419E-38 2.02419E-38
7.94328E+05  6.16990E-38 6.16990E-38 2.30908E-38 2.30908E-38  5.87534E-38 5.87534E-38 2.13972E-38 2.13972E-38
8.91251E+05  6.52772E-38 6.52772E-38 2.45243E-38 2.45243E-38  6.22939E-38 6.22939E-38 2.26380E-38 2.26380E-38
1.00000E+06  6.90000E-38 6.90000E-38 2.60000E-38 2.60000E-38  6.60000E-38 6.60000E-38 2.40000E-38 2.40000E-38
1.12202E+06  7.28774E-38 7.28774E-38 2.75129E-38 2.75129E-38  6.98662E-38 6.98662E-38 2.55216E-38 2.55216E-38
1.25893E+06  7.69314E-38 7.69314E-38 2.90733E-38 2.90733E-38  7.38887E-38 7.38887E-38 2.72028E-38 2.72028E-38
1.41254E+06  8.11622E-38 8.11622E-38 3.06885E-38 3.06885E-38  7.80830E-38 7.80830E-38 2.90221E-38 2.90221E-38
1.58489E+06  8.55690E-38 8.55690E-38 3.23674E-38 3.23674E-38  8.24676E-38 8.24676E-38 3.09497E-38 3.09497E-38
1.77828E+06  9.01496E-38 9.01496E-38 3.41207E-38 3.41207E-38  8.70641E-38 8.70641E-38 3.29457E-38 3.29457E-38
1.99526E+06  9.49004E-38 9.49004E-38 3.59611E-38 3.59611E-38  9.18977E-38 9.18977E-38 3.49588E-38 3.49588E-38
2.23872E+06  9.97977E-38 9.97977E-38 3.78887E-38 3.78887E-38  9.69795E-38 9.69795E-38 3.69712E-38 3.69712E-38
2.51189E+06  1.04836E-37 1.04836E-37 3.98967E-38 3.98967E-38  1.02308E-37 1.02308E-37 3.90156E-38 3.90156E-38
2.81838E+06  1.10045E-37 1.10045E-37 4.19915E-38 4.19915E-38  1.07895E-37 1.07895E-37 4.11065E-38 4.11065E-38
3.16228E+06  1.15461E-37 1.15461E-37 4.41803E-38 4.41803E-38  1.13752E-37 1.13752E-37 4.32623E-38 4.32623E-38
3.54813E+06  1.21125E-37 1.21125E-37 4.64713E-38 4.64713E-38  1.19892E-37 1.19892E-37 4.55055E-38 4.55055E-38
3.98107E+06  1.27087E-37 1.27087E-37 4.88737E-38 4.88737E-38  1.26329E-37 1.26329E-37 4.78633E-38 4.78633E-38
4.46684E+06  1.33404E-37 1.33404E-37 5.13981E-38 5.13981E-38  1.33076E-37 1.33076E-37 5.03679E-38 5.03679E-38
5.01187E+06  1.40144E-37 1.40144E-37 5.40562E-38 5.40562E-38  1.40149E-37 1.40149E-37 5.30576E-38 5.30576E-38
5.62341E+06  1.47323E-37 1.47323E-37 5.68527E-38 5.68527E-38  1.47594E-37 1.47594E-37 5.59541E-38 5.59541E-38
6.30957E+06  1.54928E-37 1.54928E-37 5.97874E-38 5.97874E-38  1.55430E-37 1.55430E-37 5.90448E-38 5.90448E-38
7.07946E+06  1.62978E-37 1.62978E-37 6.28649E-38 6.28649E-38  1.63631E-37 1.63631E-37 6.23163E-38 6.23163E-38
7.94328E+06  1.71493E-37 1.71493E-37 6.60899E-38 6.60899E-38  1.72158E-37 1.72158E-37 6.57500E-38 6.57500E-38
8.91251E+06  1.80493E-37 1.80493E-37 6.94668E-38 6.94668E-38  1.80967E-37 1.80967E-37 6.93215E-38 6.93215E-38
1.00000E+07  1.90000E-37 1.90000E-37 7.30000E-38 7.30000E-38  1.90000E-37 1.90000E-37 7.30000E-38 7.30000E-38
1.12202E+07  2.00175E-37 2.00175E-37 7.67119E-38 7.67119E-38  1.99151E-37 1.99151E-37 7.67904E-38 7.67904E-38
1.25893E+07  2.11110E-37 2.11110E-37 8.06171E-38 8.06171E-38  2.08432E-37 2.08432E-37 8.07229E-38 8.07229E-38
1.41254E+07  2.22695E-37 2.22695E-37 8.47051E-38 8.47051E-38  2.17968E-37 2.17968E-37 8.47992E-38 8.47992E-38
1.58489E+07  2.34788E-37 2.34788E-37 8.89619E-38 8.89619E-38  2.27910E-37 2.27910E-37 8.90209E-38 8.90209E-38
1.77828E+07  2.47210E-37 2.47210E-37 9.33695E-38 9.33695E-38  2.38437E-37 2.38437E-37 9.33893E-38 9.33893E-38
1.99526E+07  2.59742E-37 2.59742E-37 9.79054E-38 9.79054E-38  2.49757E-37 2.49757E-37 9.79054E-38 9.79054E-38
2.23872E+07  2.72322E-37 2.72322E-37 1.02524E-37 1.02524E-37  2.62056E-37 2.62056E-37 1.02524E-37 1.02524E-37
2.51189E+07  2.85098E-37 2.85098E-37 1.07221E-37 1.07221E-37  2.75331E-37 2.75331E-37 1.07221E-37 1.07221E-37
2.81838E+07  2.98133E-37 2.98133E-37 1.12040E-37 1.12040E-37  2.89523E-37 2.89523E-37 1.12040E-37 1.12040E-37
3.16228E+07  3.11501E-37 3.11501E-37 1.17033E-37 1.17033E-37  3.04548E-37 3.04548E-37 1.17033E-37 1.17033E-37
3.54813E+07  3.25290E-37 3.25290E-37 1.22262E-37 1.22262E-37  3.20299E-37 3.20299E-37 1.22262E-37 1.22262E-37
3.98107E+07  3.39608E-37 3.39608E-37 1.27798E-37 1.27798E-37  3.36636E-37 3.36636E-37 1.27798E-37 1.27798E-37
4.46684E+07  3.54575E-37 3.54575E-37 1.33724E-37 1.33724E-37  3.53389E-37 3.53389E-37 1.33724E-37 1.33724E-37
5.01187E+07  3.70334E-37 3.70334E-37 1.40138E-37 1.40138E-37  3.70350E-37 3.70350E-37 1.40138E-37 1.40138E-37
5.62341E+07  3.86852E-37 3.86852E-37 1.47270E-37 1.47270E-37  3.87441E-37 3.87441E-37 1.47270E-37 1.47270E-37
6.30957E+07  4.04028E-37 4.04028E-37 1.55167E-37 1.55167E-37  4.04807E-37 4.04807E-37 1.55167E-37 1.55167E-37
7.07946E+07  4.21893E-37 4.21893E-37 1.63646E-37 1.63646E-37  4.22578E-37 4.22578E-37 1.63646E-37 1.63646E-37
7.94328E+07  4.40485E-37 4.40485E-37 1.72478E-37 1.72478E-37  4.40908E-37 4.40908E-37 1.72478E-37 1.72478E-37
8.91251E+07  4.59840E-37 4.59840E-37 1.81378E-37 1.81378E-37  4.59978E-37 4.59978E-37 1.81378E-37 1.81378E-37
1.00000E+08  4.80000E-37 4.80000E-37 1.90000E-37 1.90000E-37  4.80000E-37 4.80000E-37 1.90000E-37 1.90000E-37
1.12202E+08  5.00967E-37 5.00967E-37 1.98167E-37 1.98167E-37  5.00967E-37 5.00967E-37 1.98167E-37 1.98167E-37
1.25893E+08  5.22755E-37 5.22755E-37 2.06078E-37 2.06078E-37  5.22755E-37 5.22755E-37 2.06078E-37 2.06078E-37
1.41254E+08  5.45425E-37 5.45425E-37 2.13935E-37 2.13935E-37  5.45425E-37 5.45425E-37 2.13935E-37 2.13935E-37
1.58489E+08  5.69046E-37 5.69046E-37 2.21979E-37 2.21979E-37  5.69046E-37 5.69046E-37 2.21979E-37 2.21979E-37
1.77828E+08  5.93696E-37 5.93696E-37 2.30493E-37 2.30493E-37  5.93696E-37 5.93696E-37 2.30493E-37 2.30493E-37
1.99526E+08  6.19457E-37 6.19457E-37 2.39797E-37 2.39797E-37  6.19457E-37 6.19457E-37 2.39797E-37 2.39797E-37
2.23872E+08  6.46513E-37 6.46513E-37 2.50007E-37 2.50007E-37  6.46513E-37 6.46513E-37 2.50007E-37 2.50007E-37
2.51189E+08  6.74970E-37 6.74970E-37 2.60964E-37 2.60964E-37  6.74970E-37 6.74970E-37 2.60964E-37 2.60964E-37
2.81838E+08  7.04774E-37 7.04774E-37 2.72646E-37 2.72646E-37  7.04774E-37 7.04774E-37 2.72646E-37 2.72646E-37
3.16228E+08  7.35854E-37 7.35854E-37 2.85019E-37 2.85019E-37  7.35854E-37 7.35854E-37 2.85019E-37 2.85019E-37
3.54813E+08  7.68118E-37 7.68118E-37 2.98038E-37 2.98038E-37  7.68118E-37 7.68118E-37 2.98038E-37 2.98038E-37
3.98107E+08  8.01450E-37 8.01450E-37 3.11643E-37 3.11643E-37  8.01450E-37 8.01450E-37 3.11643E-37 3.11643E-37
4.46684E+08  8.35709E-37 8.35709E-37 3.25762E-37 3.25762E-37  8.35709E-37 8.35709E-37 3.25762E-37 3.25762E-37
5.01187E+08  8.70728E-37 8.70728E-37 3.40303E-37 3.40303E-37  8.70728E-37 8.70728E-37 3.40303E-37 3.40303E-37
5.62341E+08  9.06267E-37 9.06267E-37 3.55374E-37 3.55374E-37  9.06267E-37 9.06267E-37 3.55374E-37 3.55374E-37
6.30957E+08  9.42408E-37 9.42408E-37 3.71117E-37 3.71117E-37  9.42408E-37 9.42408E-37 3.71117E-37 3.71117E-37
7.07946E+08  9.79461E-37 9.79461E-37 3.87499E-37 3.87499E-37  9.79461E-37 9.79461E-37 3.87499E-37 3.87499E-37
7.94328E+08  1.01779E-36 1.01779E-36 4.04478E-37 4.04478E-37  1.01779E-36 1.01779E-36 4.04478E-37 4.04478E-37
8.91251E+08  1.05781E-36 1.05781E-36 4.22000E-37 4.22000E-37  1.05781E-36 1.05781E-36 4.22000E-37 4.22000E-37
1.00000E+09  1.10000E-36 1.10000E-36 4.40000E-37 4.40000E-37  1.10000E-36 1.10000E-36 4.40000E-37 4.40000E-37
1.12202E+09  1.14464E-36 1.14464E-36 4.58461E-37 4.58461E-37  1.14464E-36 1.14464E-36 4.58461E-37 4.58461E-37
1.25893E+09  1.19159E-36 1.19159E-36 4.77443E-37 4.77443E-37  1.19159E-36 1.19159E-36 4.77443E-37 4.77443E-37
1.41254E+09  1.24070E-36 1.24070E-36 4.96990E-37 4.96990E-37  1.24070E-36 1.24070E-36 4.96990E-37 4.96990E-37
1.58489E+09  1.29178E-36 1.29178E-36 5.17151E-37 5.17151E-37  1.29178E-36 1.29178E-36 5.17151E-37 5.17151E-37
1.77828E+09  1.34459E-36 1.34459E-36 5.37983E-37 5.37983E-37  1.34459E-36 1.34459E-36 5.37983E-37 5.37983E-37
1.99526E+09  1.39887E-36 1.39887E-36 5.59548E-37 5.59548E-37  1.39887E-36 1.39887E-36 5.59548E-37 5.59548E-37
2.23872E+09  1.45452E-36 1.45452E-36 5.81810E-37 5.81810E-37  1.45452E-36 1.45452E-36 5.81810E-37 5.81810E-37
2.51189E+09  1.51181E-36 1.51181E-36 6.04722E-37 6.04722E-37  1.51181E-36 1.51181E-36 6.04722E-37 6.04722E-37
2.81838E+09  1.57089E-36 1.57089E-36 6.28357E-37 6.28357E-37  1.57089E-36 1.57089E-36 6.28357E-37 6.28357E-37
3.16228E+09  1.63199E-36 1.63199E-36 6.52795E-37 6.52795E-37  1.63199E-36 1.63199E-36 6.52795E-37 6.52795E-37
3.54813E+09  1.69532E-36 1.69532E-36 6.78130E-37 6.78130E-37  1.69532E-36 1.69532E-36 6.78130E-37 6.78130E-37
3.98107E+09  1.76116E-36 1.76116E-36 7.04463E-37 7.04463E-37  1.76116E-36 1.76116E-36 7.04463E-37 7.04463E-37
4.46684E+09  1.82978E-36 1.82978E-36 7.31912E-37 7.31912E-37  1.82978E-36 1.82978E-36 7.31912E-37 7.31912E-37
5.01187E+09  1.90151E-36 1.90151E-36 7.60605E-37 7.60605E-37  1.90151E-36 1.90151E-36 7.60605E-37 7.60605E-37
5.62341E+09  1.97672E-36 1.97672E-36 7.90687E-37 7.90687E-37  1.97672E-36 1.97672E-36 7.90687E-37 7.90687E-37
6.30957E+09  2.05541E-36 2.05541E-36 8.22163E-37 8.22163E-37  2.05541E-36 2.05541E-36 8.22163E-37 8.22163E-37
7.07946E+09  2.13737E-36 2.13737E-36 8.54949E-37 8.54949E-37  2.13737E-36 2.13737E-36 8.54949E-37 8.54949E-37
7.94328E+09  2.22235E-36 2.22235E-36 8.88940E-37 8.88940E-37  2.22235E-36 2.22235E-36 8.88940E-37 8.88940E-37
8.91251E+09  2.31002E-36 2.31002E-36 9.24008E-37 9.24008E-37  2.31002E-36 2.31002E-36 9.24008E-37 9.24008E-37
1.00000E+10  2.40000E-36 2.40000E-36 9.60000E-37 9.60000E-37  2.40000E-36 2.40000E-36 9.60000E-37 9.60000E-37
1.12202E+10  2.49281E-36 2.49281E-36 9.96898E-37 9.96898E-37  2.49281E-36 2.49281E-36 9.96898E-37 9.96898E-37
1.25893E+10  2.58900E-36 2.58900E-36 1.03485E-36 1.03485E-36  2.58900E-36 2.58900E-36 1.03485E-36 1.03485E-36
1.41254E+10  2.68816E-36 2.68816E-36 1.07395E-36 1.07395E-36  2.68816E-36 2.68816E-36 1.07395E-36 1.07395E-36
1.58489E+10  2.78976E-36 2.78976E-36 1.11428E-36 1.11428E-36  2.78976E-36 2.78976E-36 1.11428E-36 1.11428E-36
1.77828E+10  2.89321E-36 2.89321E-36 1.15596E-36 1.15596E-36  2.89321E-36 2.89321E-36 1.15596E-36 1.15596E-36
1.99526E+10  2.99784E-36 2.99784E-36 1.19910E-36 1.19910E-36  2.99784E-36 2.99784E-36 1.19910E-36 1.19910E-36
2.23872E+10  3.10291E-36 3.10291E-36 1.24362E-36 1.24362E-36  3.10291E-36 3.10291E-36 1.24362E-36 1.24362E-36
2.51189E+10  3.20861E-36 3.20861E-36 1.28946E-36 1.28946E-36  3.20861E-36 3.20861E-36 1.28946E-36 1.28946E-36
2.81838E+10  3.31562E-36 3.31562E-36 1.33675E-36 1.33675E-36  3.31562E-36 3.31562E-36 1.33675E-36 1.33675E-36
3.16228E+10  3.42476E-36 3.42476E-36 1.38564E-36 1.38564E-36  3.42476E-36 3.42476E-36 1.38564E-36 1.38564E-36
3.54813E+10  3.53694E-36 3.53694E-36 1.43632E-36 1.43632E-36  3.53694E-36 3.53694E-36 1.43632E-36 1.43632E-36
3.98107E+10  3.65320E-36 3.65320E-36 1.48899E-36 1.48899E-36  3.65320E-36 3.65320E-36 1.48899E-36 1.48899E-36
4.46684E+10  3.77469E-36 3.77469E-36 1.54387E-36 1.54387E-36  3.77469E-36 3.77469E-36 1.54387E-36 1.54387E-36
5.01187E+10  3.90271E-36 3.90271E-36 1.60121E-36 1.60121E-36  3.90271E-36 3.90271E-36 1.60121E-36 1.60121E-36
5.62341E+10  4.03767E-36 4.03767E-36 1.66205E-36 1.66205E-36  4.03767E-36 4.03767E-36 1.66205E-36 1.66205E-36
6.30957E+10  4.17890E-36 4.17890E-36 1.72664E-36 1.72664E-36  4.17890E-36 4.17890E-36 1.72664E-36 1.72664E-36
7.07946E+10  4.32614E-36 4.32614E-36 1.79399E-36 1.79399E-36  4.32614E-36 4.32614E-36 1.79399E-36 1.79399E-36
7.94328E+10  4.47903E-36 4.47903E-36 1.86293E-36 1.86293E-36  4.47903E-36 4.47903E-36 1.86293E-36 1.86293E-36
8.91251E+10  4.63715E-36 4.63715E-36 1.93212E-36 1.93212E-36  4.63715E-36 4.63715E-36 1.93212E-36 1.93212E-36
1.00000E+11  4.80000E-36 4.80000E-36 2.00000E-36 2.00000E-36  4.80000E-36 4.80000E-36 2.00000E-36 2.00000E-36
1.12202E+11  4.96917E-36 4.96917E-36 2.06562E-36 2.06562E-36  4.96917E-36 4.96917E-36 2.06562E-36 2.06562E-36
1.25893E+11  5.14583E-36 5.14583E-36 2.12984E-36 2.12984E-36  5.14583E-36 5.14583E-36 2.12984E-36 2.12984E-36
1.41254E+11  5.32859E-36 5.32859E-36 2.19383E-36 2.19383E-36  5.32859E-36 5.32859E-36 2.19383E-36 2.19383E-36
1.58489E+11  5.51583E-36 5.51583E-36 2.25891E-36 2.25891E-36  5.51583E-36 5.51583E-36 2.25891E-36 2.25891E-36
1.77828E+11  5.70571E-36 5.70571E-36 2.32656E-36 2.32656E-36  5.70571E-36 5.70571E-36 2.32656E-36 2.32656E-36
1.99526E+11  5.89609E-36 5.89609E-36 2.39846E-36 2.39846E-36  5.89609E-36 5.89609E-36 2.39846E-36 2.39846E-36
2.23872E+11  6.08760E-36 6.08760E-36 2.47463E-36 2.47463E-36  6.08760E-36 6.08760E-36 2.47463E-36 2.47463E-36
2.51189E+11  6.28245E-36 6.28245E-36 2.55384E-36 2.55384E-36  6.28245E-36 6.28245E-36 2.55384E-36 2.55384E-36
2.81838E+11  6.48037E-36 6.48037E-36 2.63625E-36 2.63625E-36  6.48037E-36 6.48037E-36 2.63625E-36 2.63625E-36
3.16228E+11  6.68106E-36 6.68106E-36 2.72201E-36 2.72201E-36  6.68106E-36 6.68106E-36 2.72201E-36 2.72201E-36
3.54813E+11  6.88419E-36 6.88419E-36 2.81129E-36 2.81129E-36  6.88419E-36 6.88419E-36 2.81129E-36 2.81129E-36
3.98107E+11  7.08937E-36 7.08937E-36 2.90428E-36 2.90428E-36  7.08937E-36 7.08937E-36 2.90428E-36 2.90428E-36
4.46684E+11  7.29622E-36 7.29622E-36 3.00115E-36 3.00115E-36  7.29622E-36 7.29622E-36 3.00115E-36 3.00115E-36
5.01187E+11  7.50430E-36 7.50430E-36 3.10212E-36 3.10212E-36  7.50430E-36 7.50430E-36 3.10212E-36 3.10212E-36
5.62341E+11  7.71312E-36 7.71312E-36 3.20740E-36 3.20740E-36  7.71312E-36 7.71312E-36 3.20740E-36 3.20740E-36
6.30957E+11  7.92219E-36 7.92219E-36 3.31720E-36 3.31720E-36  7.92219E-36 7.92219E-36 3.31720E-36 3.31720E-36
7.07946E+11  8.13097E-36 8.13097E-36 3.43177E-36 3.43177E-36  8.13097E-36 8.13097E-36 3.43177E-36 3.43177E-36
7.94328E+11  8.33889E-36 8.33889E-36 3.55136E-36 3.55136E-36  8.33889E-36 8.33889E-36 3.55136E-36 3.55136E-36
8.91251E+11  8.54534E-36 8.54534E-36 3.67624E-36 3.67624E-36  8.54534E-36 8.54534E-36 3.67624E-36 3.67624E-36
1.00000E+12  8.74968E-36 8.74968E-36 3.80670E-36 3.80670E-36  8.74968E-36 8.74968E-36 3.80670E-36 3.80670E-36
